 13 7443.253370 2.590E-26 4.696E-01.04680.295  737.62380.25-.018180          2 0 0          0 0 0  6  6  1        5  5  0      35754431198262 434   234.0  198.0
 11 7443.280050 6.455E-25 2.371E-01.05100.308 1411.64180.36-.017620          0 0 2          0 0 0  9  5  5        8  6  2      354643301828 3 4 8    19.0   17.0
 11 7443.282130 5.140E-27 5.789E-02.05350.250 2414.72340.39-.000120          2 0 0          0 0 0 13  6  7       13  3 10      34423343322971 4 9    81.0   81.0
 11 7443.370687 8.534E-28 4.239E-06.06890.352  704.21400.39-.003195          0 5 0          0 0 0  7  0  7        7  1  6      34423343322871 4 7    45.0   45.0
 11 7443.537348 4.283E-29 7.048E-02.08380.298 3162.25880.71-.004780          0 1 2          0 1 0 10  4  6       10  3  7      34423343322971 4 8    21.0   21.0
 11 7443.610500 1.259E-25 6.923E-01.09900.456 1693.64990.77-.007000          0 1 2          0 1 0  2  2  0        2  1  1      35424330182871 4 7     5.0    5.0
 11 7443.611469 1.118E-25 7.697E-01.03930.298 2054.36870.25-.019060          0 0 2          0 0 0 11  6  6       10  7  3      34423343322971 4 9    23.0   21.0
 11 7443.627050 1.249E-30 7.965E+00.02350.195 5204.74850.41-.022460          1 1 1          0 1 0 18  2 16       17  2 15      34423343323171 511   111.0  105.0
 11 7443.647390 1.683E-29 6.312E+00.02930.235 4585.34910.36-.029760          1 1 1          0 1 0 15  5 11       14  5 10      34423343322971 5 9    93.0   87.0
 11 7443.701559 6.865E-27 5.934E-04.02810.298 1114.53220.45-.019480          1 0 1          0 0 0  9  4  5       10  0 10      34423343323071 510    19.0   21.0
 11 7443.805917 5.064E-27 9.701E-04.04930.281 1524.84790.40-.010200          0 0 2          0 0 0 10  4  7       11  1 10      34423343322871 4 8    63.0   69.0
 11 7443.827290 1.822E-26 6.745E-02.09290.391 2000.86300.83-.003720          0 1 2          0 1 0  5  2  3        5  1  4      34423343322571 4 7    33.0   33.0
 12 7443.848880 7.181E-27 7.865E-03.08980.445  505.72870.73-.009140          0 0 2          0 0 0  6  2  5        5  3  2      354643301825 3 4 7    39.0   33.0
 11 7443.884860 1.454E-27 2.650E-02.08840.352 2392.59250.82-.006160          0 1 2          0 1 0  7  3  4        7  2  5      34423343322571 4 7    45.0   45.0
 11 7443.892100 1.388E-30 3.265E-03.01870.195 3567.04980.41-.001100         -2-2-2          0 0 0 17 -4 -4       17  2 15      14413342329671 543   105.0  105.0
 11 7443.921400 1.214E-30 2.763E-02.05540.265 3738.66360.390.007800         -2-2-2          0 1 0 12 -1 -1       12  3  9      14413342329671 543    25.0   25.0
 11 7444.148103 5.090E-28 7.215E-05.06210.315 1216.23130.49-.010640          1 0 1          0 0 0  9  5  4        9  3  7      34423343322871 5 8    19.0   19.0
 11 7444.275140 1.112E-29 3.743E-04.06550.352 2318.53980.55-.002172          1 3 0          0 1 0  8  5  3        7  2  6      34423343322871 4 8    17.0   15.0
 11 7444.351520 2.178E-23 1.097E+01.01990.200 1774.7511-.33-.020380          1 0 1          0 0 0 13  2 12       12  2 11      354543301829 3 4 7    81.0   75.0
 11 7444.369385 6.291E-24 1.030E+01.01880.250 1806.6714-.42-.025840          1 0 1          0 0 0 14  1 14       13  1 13      34423343322971 4 8    29.0   27.0
 11 7444.370718 1.887E-23 1.030E+01.01530.230 1806.6700-.42-.027300          1 0 1          0 0 0 14  0 14       13  0 13      344233433229 3 4 8    87.0   81.0
 11 7444.416640 1.177E-30 5.542E-04.02400.208 3211.21260.38-.016664          0 2 1          0 0 0 15  7  9       16  3 14      34423343323171 511    93.0   99.0
 11 7444.426831 1.082E-27 2.029E-02.06440.371 2398.38160.34-.017420          2 1 0          0 1 0  7  5  2        6  4  3      34423343322571 4 7    45.0   39.0
 11 7444.484610 4.595E-30 2.318E-02.08910.434 3392.74930.80-.006860          0 2 2          0 2 0  3  3  0        3  2  1      34423343322571 4 7    21.0   21.0
 11 7444.485781 2.369E-28 1.415E-03.05580.250 2042.37400.46-.027940          0 0 2          0 0 0 12  3  9       13  2 12      34423343322971 4 9    25.0   27.0
 11 7444.561210 6.576E-24 9.928E+00.02090.215 1774.6163-.38-.018390          1 0 1          0 0 0 13  1 12       12  1 11      356544301824 3 4 6    27.0   25.0
 11 7444.631411 4.028E-27 3.909E-05.08590.352  586.47920.76-.005640          0 0 2          0 0 0  6  2  4        7  1  7      34423343322871 4 7    13.0   15.0
 11 7444.645523 5.124E-26 6.114E-03.04620.298 1446.12820.35-.012615          0 5 0          0 0 0 11  0 11       10  3  8      34423343322871 4 8    69.0   63.0
 13 7444.684410 2.905E-26 1.521E-01.09320.490  221.62080.76-.002390          1 0 1          0 0 0  5  2  3        4  0  4      35764430188262 434    66.0   54.0
 11 7444.694790 2.199E-23 7.587E+00.05340.363 1437.96860.13-.006270          1 0 1          0 0 0 11  2  9       10  2  8      35764430188262 434    23.0   21.0
 11 7445.031187 7.255E-28 1.281E-05.07850.352  709.60820.52-.011840          0 5 0          0 0 0  6  1  5        7  2  6      34423343322571 4 7    13.0   15.0
 11 7445.067060 7.536E-30 3.679E-02.08810.391 3478.98630.68-.008720          0 2 2          0 2 0  5  1  4        5  0  5      34423343322871 4 7    33.0   33.0
 11 7445.098030 8.189E-25 1.322E-01.04270.281 1524.84790.25-.001840          1 2 0          0 0 0 12  4  9       11  1 10      35424330182871 4 8    75.0   69.0
 11 7445.123060 1.715E-24 5.292E-03.09410.500  315.77950.76-.011180          0 0 2          0 0 0  5  1  5        4  2  2      354643301828 3 4 8    11.0    9.0
 11 7445.149277 6.065E-30 4.549E-02.09260.434 3299.99120.70-.006040          1 2 1          0 2 0  4  3  2        3  1  3      34423343322571 4 7     9.0    7.0
 11 7445.178916 2.016E-28 1.077E-02.01950.298 2701.88870.41-.017244          0 2 1          0 0 0 11 10  2       10 10  1      34423343323171 511    69.0   63.0
 11 7445.178928 6.720E-29 1.077E-02.01900.298 2701.88870.41-.017588          0 2 1          0 0 0 11 10  1       10 10  0      34423343323171 511    23.0   21.0
 11 7445.247697 7.156E-29 1.826E+00.02490.221 4045.3220-.05-.024160          0 0 2          0 0 0 16  8  9       15  9  6      34423343323171 411    99.0   93.0
 11 7445.290186 1.098E-28 1.876E-02.04100.250 2748.09960.37-.022128          0 2 1          0 0 0 13  8  5       13  6  8      34423343323171 511    27.0   27.0
 11 7445.408545 5.455E-25 6.864E-02.02620.155 1394.81420.08-.014924          1 2 0          0 0 0  8  8  1        7  7  0      344233433225 3 4 7    51.0   45.0
 11 7445.408598 1.818E-25 6.864E-02.02010.352 1394.81420.08-.011236          1 2 0          0 0 0  8  8  0        7  7  1      34423343322971 4 9    17.0   15.0
