2.490470807180900515e-04
2.494734517935898459e-04
2.499007997754305638e-04
2.503291247938052078e-04
2.507584269947705016e-04
2.511887065505620975e-04
2.516199636543432435e-04
2.520521985305879164e-04
2.524854114298418482e-04
2.529196026391900649e-04
2.533547724769977466e-04
2.537909213034529555e-04
2.542280495162833865e-04
2.546661575563752451e-04
2.551052459134235131e-04
2.555453151216174196e-04
2.559863657702786334e-04
2.564283984985086650e-04
2.568714140058634874e-04
2.573154130469331217e-04
2.577603964420294852e-04
2.582063650717145316e-04
2.586533198874693424e-04
2.591012619071711063e-04
2.595501922206545887e-04
2.600001119952997301e-04
2.604510224713449656e-04
2.609029249725211335e-04
2.613558209002518075e-04
2.618097117442330494e-04
2.622645990765170264e-04
2.627204845620459569e-04
2.631773699526006901e-04
2.636352570972697084e-04
2.640941479372956968e-04
2.645540445112598733e-04
2.650149489602188300e-04
2.654768635223285706e-04
2.659397905431091407e-04
2.664037324688532204e-04
2.668686918567803826e-04
2.673346713682860911e-04
2.678016737789891649e-04
2.682697019717831264e-04
2.687387589467768716e-04
2.692088478152195605e-04
2.696799718039814614e-04
2.701521342599672504e-04
2.706253386437486546e-04
2.710995885391891320e-04
2.715748876457890781e-04
2.720512397881711319e-04
2.725286489082198726e-04
2.730071190744353402e-04
2.734866544738445075e-04
2.739672594212095723e-04
2.744489383507249199e-04
2.749316958250899983e-04
2.754155365280724498e-04
2.759004652679363585e-04
2.763864869807998621e-04
2.768736067228756248e-04
2.773618296791787157e-04
2.778511611544313997e-04
2.783416065816474703e-04
2.788331715128071898e-04
2.793258616272892379e-04
2.798196827223591683e-04
2.803146407214337403e-04
2.808107416654936038e-04
2.813079917155851496e-04
2.818063971553068023e-04
2.823059643818632680e-04
2.828066999140572426e-04
2.833086103820207165e-04
2.838117025350828126e-04
2.843159832313154212e-04
2.848214594452905040e-04
2.853281382574238503e-04
2.858360268616543724e-04
2.863451325557607712e-04
2.868554627431494936e-04
2.873670249345997019e-04
2.878798267383524188e-04
2.883938758675593222e-04
2.889091801290505183e-04
2.894257474307201277e-04
2.899435857701493174e-04
2.904627032419454286e-04
2.909831080262261773e-04
2.915048083959042463e-04
2.920278127062602954e-04
2.925521293962330001e-04
2.930777669897822730e-04
2.936047340852504755e-04
2.941330393626166522e-04
2.946626915715892261e-04
2.951936995388593655e-04
2.957260721561060760e-04
2.962598183872721183e-04
2.967949472564837738e-04
2.973314678553590717e-04
2.978693893320922582e-04
2.984087208926788372e-04
2.989494718021956329e-04
2.994916513738093110e-04
3.000352689761963333e-04
3.005803340213039415e-04
3.011268559718448127e-04
3.016748443290247043e-04
3.022243086401216780e-04
3.027752584862040399e-04
3.033277034897902298e-04
3.038816533038367416e-04
3.044371176131985442e-04
3.049941061362083298e-04
3.055526286136444323e-04
3.061126948166856721e-04
3.066743145346363447e-04
3.072374975830120380e-04
3.078022537912894485e-04
3.083685930111423066e-04
3.089365251041965594e-04
3.095060599504244271e-04
3.100772074372447557e-04
3.106499774615650031e-04
3.112243799319189068e-04
3.118004247576404539e-04
3.123781218576360524e-04
3.129574811483098800e-04
3.135385125524924521e-04
3.141212259874401292e-04
3.147056313739235510e-04
3.152917386242854196e-04
3.158795576517057124e-04
3.164690983596586292e-04
3.170603706446639171e-04
3.176533843992051642e-04
3.182481495012320655e-04
3.188446758239125512e-04
3.194429732238811184e-04
3.200430515511656243e-04
3.206449206374961170e-04
3.212485903064306336e-04
3.218540703617073988e-04
3.224613705975799285e-04
3.230705007872070132e-04
3.236814706931790742e-04
3.242942900573791932e-04
3.249089686047013288e-04
3.255255160469191838e-04
3.261439420726155937e-04
3.267642563581703730e-04
3.273864685563401431e-04
3.280105883074169951e-04
3.286366252278828020e-04
3.292645889217447148e-04
3.298944889691932158e-04
3.305263349381600381e-04
3.311601363744347422e-04
3.317959028061697379e-04
3.324336437484959501e-04
3.330733686937043924e-04
3.337150871231891959e-04
3.343588084962502947e-04
3.350045422621746906e-04
3.356522978490557806e-04
3.363020846760601291e-04
3.369539121422270630e-04
3.376077896389076687e-04
3.382637265400570089e-04
3.389217322073567610e-04
3.395818159954625383e-04
3.402439872422716042e-04
3.409082552817420983e-04
3.415746294326666116e-04
3.422431190116286730e-04
3.429137333217769203e-04
3.435864816658756415e-04
3.442613733350913599e-04
3.449384176221620413e-04
3.456176238116974420e-04
3.462990011857488182e-04
3.469825590295208821e-04
3.476683066215930577e-04
3.483562532474021307e-04
3.490464081878642518e-04
3.497387807330227649e-04
3.504333801705837993e-04
3.511302157996627066e-04
3.518292969193032808e-04
3.525306328422903317e-04
3.532342328852389386e-04
3.539401063744780900e-04
3.546482626520996106e-04
3.553587110658994208e-04
3.560714609834500478e-04
3.567865217803738945e-04
3.575039028545310012e-04
3.582236136141919171e-04
3.589456634923267266e-04
3.596700619347024605e-04
3.603968184142262239e-04
3.611259424206512384e-04
3.618574434666938021e-04
3.625913310942372033e-04
3.633276148639039724e-04
3.640663043695660300e-04
3.648074092261880167e-04
3.655509390844087275e-04
3.662969036182607335e-04
3.670453125398839269e-04
3.677961755870875538e-04
3.685495025381505495e-04
3.693053032010328593e-04
3.700635874196208232e-04
3.708243650800258475e-04
3.715876460996864390e-04
3.723534404422547341e-04
3.731217581048706217e-04
3.738926091331758292e-04
3.746660036083958702e-04
3.754419516624764286e-04
3.762204634650528207e-04
3.770015492386293672e-04
3.777852192472293692e-04
3.785714838027414309e-04
3.793603532712877383e-04
3.801518380617344975e-04
3.809459486410158853e-04
3.817426955207405210e-04
3.825420892725938044e-04
3.833441405147986164e-04
3.841488599276373533e-04
3.849562582397678860e-04
3.857663462437911314e-04
3.865791347843576249e-04
3.873946347645120013e-04
3.882128571521965268e-04
3.890338129681459819e-04
3.898575133016060992e-04
3.906839692962921153e-04
3.915131921662066842e-04
3.923451931814355277e-04
3.931799836840783771e-04
3.940175750739042734e-04
3.948579788243611680e-04
3.957012064681351081e-04
3.965472696132172465e-04
3.973961799302764631e-04
3.982479491591641449e-04
3.991025891154875412e-04
3.999601116778128706e-04
4.008205288039327452e-04
4.016838525160200814e-04
4.025500949169891446e-04
4.034192681755254277e-04
4.042913845425359252e-04
4.051664563360635445e-04
4.060444959578343618e-04
4.069255158800409809e-04
4.078095286519650567e-04
4.086965469067262917e-04
4.095865833478468392e-04
4.104796507660754112e-04
4.113757620238573829e-04
4.122749300722223804e-04
4.131771679351584330e-04
4.140824887265925317e-04
4.149909056346548432e-04
4.159024319387572802e-04
4.168170809958144296e-04
4.177348662470293573e-04
4.186558012248252922e-04
4.195798995388476003e-04
4.205071748933405097e-04
4.214376410709715190e-04
4.223713119503129648e-04
4.233082014895451074e-04
4.242483237440564732e-04
4.251916928500299548e-04
4.261383230421517902e-04
4.270882286392398662e-04
4.280414240512759629e-04
4.289979237865322137e-04
4.299577424370293528e-04
4.309208946965331698e-04
4.318873953437369077e-04
4.328572592603790949e-04
4.338305014143054332e-04
4.348071368777203663e-04
4.357871808101251528e-04
4.367706484766923822e-04
4.377575552333284881e-04
4.387479165339593155e-04
4.397417479379328912e-04
4.407390650949116620e-04
4.417398837635504801e-04
4.427442197940253347e-04
4.437520891468739676e-04
4.447635078753840385e-04
4.457784921445655246e-04
4.467970582134260212e-04
4.478192224540907007e-04
4.488450013362650453e-04
4.498744114348313637e-04
4.509074694375742737e-04
4.519441921294566804e-04
4.529845964120818021e-04
4.540286992855515941e-04
4.550765178680575237e-04
4.561280693776055832e-04
4.571833711517679600e-04
4.582424406292720368e-04
4.593052953699160472e-04
4.603719530384415138e-04
4.614424314124644590e-04
4.625167483905314597e-04
4.635949219758117297e-04
4.646769702963784218e-04
4.657629115863598274e-04
4.668527642063589693e-04
4.679465466244910141e-04
4.690442774369644107e-04
4.701459753489750800e-04
4.712516591954420521e-04
4.723613479243175838e-04
4.734750606048344131e-04
4.745928164359686620e-04
4.757146347295019965e-04
4.768405349311772299e-04
4.779705366011232693e-04
4.791046594351787706e-04
4.802429232451786321e-04
4.813853479804364849e-04
4.825319537079129548e-04
4.836827606338640353e-04
4.848377890864953165e-04
4.859970595246169544e-04
4.871605925465126614e-04
4.883284088723555735e-04
4.895005293662900870e-04
4.906769750161109290e-04
4.918577669555264896e-04
4.930429264436858323e-04
4.942324748876148486e-04
4.954264338216259576e-04
4.966248249299038808e-04
4.978276700257931514e-04
4.990349910745564945e-04
5.002468101752801429e-04
5.014631495700237447e-04
5.026840316531795217e-04
5.039094789531287609e-04
5.051395141554666183e-04
5.063741600817829808e-04
5.076134397130650788e-04
5.088573761683400044e-04
5.101059927282639147e-04
5.113593128136140632e-04
5.126173600090714244e-04
5.138801580444354823e-04
5.151477308042304781e-04
5.164201023375340283e-04
5.176972968389297524e-04
5.189793386727878724e-04
5.202662523512127570e-04
5.215580625585409039e-04
5.228547941291100242e-04
5.241564720719701790e-04
5.254631215484894743e-04
5.267747678972718468e-04
5.280914366146306901e-04
5.294131533646755138e-04
5.307399439896494852e-04
5.320718344901380781e-04
5.334088510504916619e-04
5.347510200158838919e-04
5.360983679179490797e-04
5.374509214516992031e-04
5.388087075013411453e-04
5.401717531170548191e-04
5.415400855410183560e-04
5.429137321871542335e-04
5.442927206517321221e-04
5.456770787242410476e-04
5.470668343668319425e-04
5.484620157409104144e-04
5.498626511833257149e-04
5.512687692331766625e-04
5.526803986078368969e-04
5.540975682299751487e-04
5.555203072034264281e-04
5.569486448404451819e-04
5.583826106406414129e-04
5.598222343021631419e-04
5.612675457331332222e-04
5.627185750302901232e-04
5.641753525068437950e-04
5.656379086677082620e-04
5.671062742376118413e-04
5.685804801361285087e-04
5.700605575060281593e-04
5.715465376881548841e-04
5.730384522500151043e-04
5.745363329638579312e-04
5.760402118184917769e-04
5.775501210313036026e-04
5.790660930260611806e-04
5.805881604621362458e-04
5.821163562087316003e-04
5.836507133743538489e-04
5.851912652808217118e-04
5.867380454930662967e-04
5.882910877928905881e-04
5.898504262090524791e-04
5.914160949944207400e-04
5.929881286384431271e-04
5.945665618798590861e-04
5.961514296835763223e-04
5.977427672713723703e-04
5.993406100950438931e-04
6.009449938673501381e-04
6.025559545350025331e-04
6.041735283098530630e-04
6.057977516417060570e-04
6.074286612497702435e-04
6.090662940990227087e-04
6.107106874132864349e-04
6.123618786887024884e-04
6.140199056696725487e-04
6.156848063810932154e-04
6.173566191004141663e-04
6.190353823901415626e-04
6.207211350697164473e-04
6.224139162482975485e-04
6.241137652964221872e-04
6.258207218791302789e-04
6.275348259273729476e-04
6.292561176714563673e-04
6.309846376161709234e-04
6.327204265548604708e-04
6.344635255837735924e-04
6.362139760768543810e-04
6.379718197199342727e-04
6.397370984814532754e-04
6.415098546469366224e-04
6.432901307894877763e-04
6.450779698045942465e-04
6.468734148804200154e-04
6.486765095329200285e-04
6.504872975800275086e-04
6.523058231565124045e-04
6.541321307291846163e-04
6.559662650706693130e-04
6.578082712954275981e-04
6.596581948292157271e-04
6.615160814454016519e-04
6.633819772342200828e-04
6.652559286394565778e-04
6.671379824274689587e-04
6.690281857241767117e-04
6.709265859882179847e-04
6.728332310266760480e-04
6.747481690112598195e-04
6.766714484509798013e-04
6.786031182300991671e-04
6.805432275763137299e-04
6.824918260990858613e-04
6.844489637575312899e-04
6.864146908991588386e-04
6.883890582275450443e-04
6.903721168414055521e-04
6.923639182065797646e-04
6.943645141727898974e-04
6.963739569908410868e-04
6.983922992841424355e-04
7.004195940887871473e-04
7.024558948203901438e-04
7.045012553145097237e-04
7.065557297932399325e-04
7.086193729060571208e-04
7.106922396961325899e-04
7.127743856416287683e-04
7.148658666265079358e-04
7.169667389583968395e-04
7.190770593868293708e-04
7.211968850737235240e-04
7.233262736356085767e-04
7.254652831091352094e-04
7.276139719937598947e-04
7.297723992169239011e-04
7.319406241772688330e-04
7.341187067095055526e-04
7.363067071280265377e-04
7.385046861966158751e-04
7.407127051474087041e-04
7.429308257004531508e-04
7.451591100328836415e-04
7.473976208236579035e-04
7.496464212175791252e-04
7.519055748704927666e-04
7.541751459129772796e-04
7.564551989960939700e-04
7.587457992547584195e-04
7.610470123539539531e-04
7.633589044571390718e-04
7.656815422466033486e-04
7.680149929442997223e-04
7.703593242797888681e-04
7.727146045376731510e-04
7.750809025200348749e-04
7.774582875943895693e-04
7.798468296558277090e-04
7.822465991754582772e-04
7.846576671623249708e-04
7.870801052123550020e-04
7.895139854754976887e-04
7.919593806775173522e-04
7.944163641423292914e-04
7.968850097586170893e-04
7.993653920302076820e-04
8.018575860368827623e-04
8.043616674852791448e-04
8.068777126694547065e-04
8.094057985223517774e-04
8.119460025760067041e-04
8.144984030136532454e-04
8.170630786354550609e-04
8.196401088819218767e-04
8.222295738579096010e-04
8.248315542978977739e-04
8.274461316194667553e-04
8.300733878825242423e-04
8.327134058434040300e-04
8.353662689137464521e-04
8.380320612152493973e-04
8.407108675382143816e-04
8.434027733969179461e-04
8.461078649878815824e-04
8.488262292458471393e-04
8.515579538079641074e-04
8.543031270393082683e-04
8.570618380590246284e-04
8.598341767039836608e-04
8.626202335864029645e-04
8.654201000509901620e-04
8.682338682332787225e-04
8.710616310164276009e-04
8.739034820902431442e-04
8.767595159076660470e-04
8.796298277444827016e-04
8.825145136620550978e-04
8.854136705348927350e-04
8.883273960788329879e-04
8.912557888132898376e-04
8.941989481226892116e-04
8.971569742118793269e-04
9.001299681683106596e-04
9.031180319171070413e-04
9.061212682840215924e-04
9.091397809501432009e-04
9.121736745156220228e-04
9.152230544610149643e-04
9.182880271770235041e-04
9.213686999950517148e-04
9.244651811479344004e-04
9.275775798356400729e-04
9.307060061787943497e-04
9.338505712852076830e-04
9.370113872030535465e-04
9.401885669882135456e-04
9.433822246571141887e-04
9.465924752549369735e-04
9.498194348154311321e-04
9.530632203932178689e-04
9.563239500969068817e-04
9.596017430483028219e-04
9.628967194528177198e-04
9.662090005510519256e-04
9.695387086900930868e-04
9.728859672747493855e-04
9.762509008397628240e-04
9.796336350007073344e-04
9.830342965270906768e-04
9.864530133007404829e-04
9.898899143508642102e-04
9.933451298900866124e-04
9.968187912721521941e-04
1.000311031067467431e-03
1.003821983012754106e-03
1.007351782087578590e-03
1.010900564463651724e-03
1.014468467582354920e-03
1.018055630103700251e-03
1.021662191984878520e-03
1.025288294437137499e-03
1.028934079964041693e-03
1.032599692400742357e-03
1.036285276870193076e-03
1.039990979864409198e-03
1.043716949192120174e-03
1.047463334061130317e-03
1.051230285025653906e-03
1.055017954069737817e-03
1.058826494554300415e-03
1.062656061301661160e-03
1.066506810550990961e-03
1.070378900000166274e-03
1.074272488848690942e-03
1.078187737752522250e-03
1.082124808911548051e-03
1.086083866015408314e-03
1.090065074332228177e-03
1.094068600654005824e-03
1.098094613386672381e-03
1.102143282495101836e-03
1.106214779594429055e-03
1.110309277904063772e-03
1.114426952293672262e-03
1.118567979330210458e-03
1.122732537231415154e-03
1.126920805960345559e-03
1.131132967169267388e-03
1.135369204295567013e-03
1.139629702505305306e-03
1.143914648790534099e-03
1.148224231912500478e-03
1.152558642500415426e-03
1.156918072994265198e-03
1.161302717745093735e-03
1.165712772967529998e-03
1.170148436791278689e-03
1.174609909313968376e-03
1.179097392553051741e-03
1.183611090549877487e-03
1.188151209311359398e-03
1.192717956915570476e-03
1.197311543453120778e-03
1.201932181134375902e-03
1.206580084230491571e-03
1.211255469182294636e-03
1.215958554551710598e-03
1.220689561078758386e-03
1.225448711739938112e-03
1.230236231699165499e-03
1.235052348420869568e-03
1.239897291609965129e-03
1.244771293326816597e-03
1.249674587926890863e-03
1.254607412177485750e-03
1.259570005197179062e-03
1.264562608574390859e-03
1.269585466317943835e-03
1.274638824920365987e-03
1.279722933422809163e-03
1.284838043365035907e-03
1.289984408908936104e-03
1.295162286776923265e-03
1.300371936377423552e-03
1.305613619743101628e-03
1.310887601658379965e-03
1.316194149597406425e-03
1.321533533853703818e-03
1.326906027490120732e-03
1.332311906409497457e-03
1.337751449426959494e-03
1.343224938219501072e-03
1.348732657461145477e-03
1.354274894760104913e-03
1.359851940796280969e-03
1.365464089258260983e-03
1.371111636983108348e-03
1.376794883893252839e-03
1.382514133138656402e-03
1.388269691046593998e-03
1.394061867200821828e-03
1.399890974522478111e-03
1.405757329219740762e-03
1.411661250936166847e-03
1.417603062687033001e-03
1.423583091010541734e-03
1.429601665904012883e-03
1.435659120977589211e-03
1.441755793390478609e-03
1.447892024007534344e-03
1.454068157349255137e-03
1.460284541680892259e-03
1.466541529103507560e-03
1.472839475503958566e-03
1.479178740718663102e-03
1.485559688469545708e-03
1.491982686530734159e-03
1.498448106664609751e-03
1.504956324791553246e-03
1.511507720925967403e-03
1.518102679349247336e-03
1.524741588561020263e-03
1.531424841379505760e-03
1.538152835044565491e-03
1.544925971168887441e-03
1.551744655919184502e-03
1.558609299952477432e-03
1.565520318600674204e-03
1.572478131807148512e-03
1.579483164314821313e-03
1.586535845602813927e-03
1.593636610078188326e-03
1.600785897029206309e-03
1.607984150739206293e-03
1.615231820603346300e-03
1.622529361082149148e-03
1.629877231902548441e-03
1.637275897995598556e-03
1.644725829701515268e-03
1.652227502707771280e-03
1.659781398258089631e-03
1.667388003090992856e-03
1.675047809652991607e-03
1.682761316055030520e-03
1.690529026202139927e-03
1.698351449926429517e-03
1.706229102943944680e-03
1.714162507078960179e-03
1.722152190203940936e-03
1.730198686468371579e-03
1.738302536239393981e-03
1.746464286335287601e-03
1.754684489966690545e-03
1.762963706974922167e-03
1.771302503773898888e-03
1.779701453593398371e-03
1.788161136440976273e-03
1.796682139253839763e-03
1.805265056054795913e-03
1.813910487914967068e-03
1.822619043210150233e-03
1.831391337565385939e-03
1.840227994116705890e-03
1.849129643456645742e-03
1.858096923901607182e-03
1.867130481438270808e-03
1.876230969996791004e-03
1.885399051419103626e-03
1.894635395633373484e-03
1.903940680833052495e-03
1.913315593446490151e-03
1.922760828425202923e-03
1.932277089194158826e-03
1.941865087946284454e-03
1.951525545594050585e-03
1.961259192070365174e-03
1.971066766281590749e-03
1.980949016415100260e-03
1.990906699916293512e-03
2.000940583689514787e-03
2.011051444304058199e-03
2.021240067973069550e-03
2.031507250878689455e-03
2.041853799130101225e-03
2.052280529095909523e-03
2.062788267363980209e-03
2.073377851081224972e-03
2.084050127915180236e-03
2.094805956401572453e-03
2.105646205932326393e-03
2.116571756987499844e-03
2.127583501372796743e-03
2.138682342210321535e-03
2.149869194306242969e-03
2.161144984118920295e-03
2.172510650135191668e-03
2.183967142840606730e-03
2.195515425104228174e-03
2.207156472151136813e-03
2.218891271956076328e-03
2.230720825245256517e-03
2.242646145763999010e-03
2.254668260551332282e-03
2.266788209944822427e-03
2.279007047997389044e-03
2.291325842458026823e-03
2.303745675198263457e-03
2.316267642195366221e-03
2.328892853968824849e-03
2.341622435566063486e-03
2.354457527008925119e-03
2.367399283311850608e-03
2.380448874790872839e-03
2.393607487380372458e-03
2.406876322654835209e-03
2.420256598301656018e-03
2.433749548116488203e-03
2.447356422487117263e-03
2.461078488391723555e-03
2.474917029893674431e-03
2.488873348142997457e-03
2.502948761882469939e-03
2.517144607484307454e-03
2.531462239305967785e-03
2.545903030054480574e-03
2.560468370827166922e-03
2.575159671647148530e-03
2.589978361475275218e-03
2.604925888757651797e-03
2.620003721440819933e-03
2.635213347531477086e-03
2.650556275114488141e-03
2.666034032925455616e-03
2.681648170407198786e-03
2.697400258116654324e-03
2.713291888141662698e-03
2.729324674160856033e-03
2.745500252048523656e-03
2.761820279902584517e-03
2.778286438662150911e-03
2.794900432138408726e-03
2.811663987645439226e-03
2.828578856033449416e-03
2.845646812333190150e-03
2.862869655830730092e-03
2.880249210528643220e-03
2.897787325617181414e-03
2.915485875551911566e-03
2.933346760731325893e-03
2.951371907537908047e-03
2.969563269029321106e-03
2.987922824980848886e-03
3.006452582590127352e-03
3.025154576520862684e-03
3.044030869620953893e-03
3.063083552967081711e-03
3.082314746596151282e-03
3.101726599594743609e-03
3.121321290621939960e-03
3.141101028442962271e-03
3.161068052017590706e-03
3.181224631263845307e-03
3.201573067102437414e-03
3.222115692232812960e-03
3.242854871176092946e-03
3.263793001063675699e-03
3.284932511677571363e-03
3.306275866251055275e-03
3.327825561555299624e-03
3.349584128465313108e-03
3.371554132535787597e-03
3.393738174080858979e-03
3.416138889002038204e-03
3.438758948814313668e-03
3.461601061483874763e-03
3.484667971447967527e-03
3.507962460461597990e-03
3.531487347609832666e-03
3.555245490162924418e-03
3.579239783634256562e-03
3.603473162368862979e-03
3.627948600140343434e-03
3.652669110191743632e-03
3.677637746107121491e-03
3.702857601785816428e-03
3.728331812318427894e-03
3.754063553946784034e-03
3.780056044942893111e-03
3.806312545552583641e-03
3.832836358876020103e-03
3.859630830854332995e-03
3.886699350843827918e-03
3.914045352195545842e-03
3.941672312209236126e-03
3.969583753009990786e-03
3.997783241418032679e-03
4.026274389820684238e-03
4.055060856015331623e-03
4.084146344074501833e-03
4.113534604159289725e-03
4.143229433375003427e-03
4.173234675620919078e-03
4.203554222091114567e-03
4.234192011775703146e-03
4.265152031254308522e-03
4.296438315517021878e-03
4.328054947650206152e-03
4.360006059638215845e-03
4.392295832005040437e-03
4.424928494593891731e-03
4.457908326160557773e-03
4.491239655127661490e-03
4.524926859202356259e-03
4.558974365716960547e-03
4.593386651961363018e-03
4.628168244712853492e-03
4.663323720910437717e-03
4.698857707045904324e-03
4.734774879799323426e-03
4.771079965361766338e-03
4.807777740027777830e-03
4.844873029444506270e-03
4.882370709156826603e-03
4.920275703864340940e-03
4.958592987480982782e-03
4.997327583176131710e-03
5.036484562501515778e-03
5.076069045796097710e-03
5.116086201135563657e-03
5.156541244672825999e-03
5.197439439488144540e-03
5.238786095859458876e-03
5.280586570008152097e-03
5.322846264293201041e-03
5.365570625943177560e-03
5.408765146681059066e-03
5.452435362316885095e-03
5.496586851298264007e-03
5.541225234690285752e-03
5.586356174502582310e-03
5.631985373573403925e-03
5.678118573761661673e-03
5.724761555728400016e-03
5.771920136987603381e-03
5.819600171579366460e-03
5.867807547971213601e-03
5.916548188616609950e-03
5.965828047813882470e-03
6.015653110579789395e-03
6.066029391474324871e-03
6.116962932208811973e-03
6.168459800890408080e-03
6.220526089347111834e-03
6.273167912235576640e-03
6.326391404185113983e-03
6.380202718763135564e-03
6.434608025431512446e-03
6.489613508363409507e-03
6.545225363332404962e-03
6.601449795739450579e-03
6.658293018574628838e-03
6.715761248999408545e-03
6.773860706767405489e-03
6.832597610471768772e-03
6.891978175798373248e-03
6.952008611556773944e-03
7.012695117760754486e-03
7.074043881437794626e-03
7.136061074532172067e-03
7.198752849630880510e-03
7.262125336969843005e-03
7.326184641363525131e-03
7.390936837578765753e-03
7.456387967779459953e-03
7.522544036522871465e-03
7.589411008015625390e-03
7.656994800869357243e-03
7.725301285166820235e-03
7.794336276974168226e-03
7.864105535215441117e-03
7.934614756101644392e-03
8.005869569007511774e-03
8.077875532269568684e-03
8.150638127243571562e-03
8.224162754700043917e-03
8.298454728479214698e-03
8.373519271697448668e-03
8.449361510158863789e-03
8.525986468375403721e-03
8.603399062738161310e-03
8.681604097354838484e-03
8.760606257164743269e-03
8.840410102696863101e-03
8.921020064761182519e-03
9.002440437212969396e-03
9.084675372361074655e-03
9.167728873333284151e-03
9.251604789325618833e-03
9.336306807753888895e-03
9.421838449353020159e-03
9.508203060125310774e-03
9.595403806300117563e-03
9.683443666290668383e-03
9.772325424521940279e-03
9.862051665220937513e-03
9.952624764102918284e-03
1.004404688304214553e-02
1.013631996140189340e-02
1.022944571061618936e-02
1.032342560537761154e-02
1.041826087814664258e-02
1.051395251021517048e-02
1.061050122616331165e-02
1.070790748503995526e-02
1.080617147367581021e-02
1.090529310000747966e-02
1.100527198413686451e-02
1.110610745274956228e-02
1.120779852990592441e-02
1.131034393148552634e-02
1.141374205595393349e-02
1.151799097885813396e-02
1.162308844359696315e-02
1.172903185599372643e-02
1.183581827534107254e-02
1.194344440786241669e-02
1.205190660025752189e-02
1.216120083084449612e-02
1.227132270445665044e-02
1.238226744345151051e-02
1.249402988279049546e-02
1.260660446118854264e-02
1.271998521640973177e-02
1.283416577658924584e-02
1.294913935578007047e-02
1.306489874574678391e-02
1.318143631047560480e-02
1.329874398085741267e-02
1.341681324685839796e-02
1.353563515384237186e-02
1.365520029478102006e-02
1.377549880694858668e-02
1.389652036446920209e-02
1.401825417542123565e-02
1.414068897475874963e-02
1.426381302186209218e-02
1.438761409387244450e-02
1.451207948372425921e-02
1.463719599421632600e-02
1.476294993513720816e-02
1.488932712067945509e-02
1.501631286425412527e-02
1.514389197788839833e-02
1.527204876730359033e-02
1.540076703191953049e-02
1.553003006051501683e-02
1.565982063187391568e-02
1.579012101106305396e-02
1.592091295075289195e-02
1.605217768844754284e-02
1.618389594701659384e-02
1.631604793560186700e-02
1.644861334788706025e-02
1.658157136523870714e-02
1.671490065541173312e-02
1.684857937646853931e-02
1.698258517624718841e-02
1.711689519708293333e-02
1.725148607606562592e-02
1.738633395058728284e-02
1.752141445972058009e-02
1.765670274907497894e-02
1.779217347608665414e-02
1.792780081265858347e-02
1.806355845285222833e-02
1.819941961608611061e-02
1.833535705570987426e-02
1.847134306308203383e-02
1.860734947703554520e-02
1.874334768884645605e-02
1.887930865259756022e-02
1.901520289135414515e-02
1.915100050688341507e-02
1.928667118982069217e-02
1.942218422720177334e-02
1.955750851507043891e-02
1.969261256660395296e-02
1.982746452560883374e-02
1.996203217554278972e-02
2.009628295388747252e-02
2.023018396205758518e-02
2.036370198063321840e-02
2.049680348044615255e-02
2.062945463713978037e-02
2.076162134613107266e-02
2.089326923497578786e-02
2.102436368064909342e-02
2.115486982242947150e-02
2.128475257994736150e-02
2.141397666686244497e-02
2.154250660964588185e-02
2.167030676201603043e-02
2.179734132441468047e-02
2.192357435945184799e-02
2.204896981059881189e-02
2.217349152117149141e-02
2.229710325078333374e-02
2.241976869634910302e-02
2.254145150886183863e-02
2.266211531491380687e-02
2.278172373403478460e-02
2.290024040067390951e-02
2.301762898204178995e-02
2.313385320049215349e-02
2.324887685206893442e-02
2.336266382792159119e-02
2.347517813583124835e-02
2.358638391931646219e-02
2.369624548071751213e-02
2.380472730032128642e-02
2.391179405959975926e-02
2.401741066055267104e-02
2.412154224902483823e-02
2.422415423419306893e-02
2.432521231188563768e-02
2.442468248436409015e-02
2.452253108244354871e-02
2.461872478750553109e-02
2.471323065125297092e-02
2.480601611868063494e-02
2.489704904747798431e-02
2.498629773071781371e-02
2.507373091605959864e-02
2.515931782807216341e-02
2.524302818716144675e-02
2.532483223144146867e-02
2.540470073548788121e-02
2.548260503077912770e-02
2.555851702579993098e-02
2.563240922412142117e-02
2.570425474478887223e-02
2.577402733966512732e-02
2.584170141308211530e-02
2.590725203855990394e-02
2.597065497764502670e-02
2.603188669593009888e-02
2.609092438100295633e-02
2.614774595769701199e-02
2.620233010507610691e-02
2.625465627096356530e-02
2.630470468731228167e-02
2.635245638498165746e-02
2.639789320689797658e-02
2.644099782233062107e-02
2.648175373893066342e-02
2.652014531581478249e-02
2.655615777455150317e-02
2.658977721099608366e-02
2.662099060517231566e-02
2.664978583180787827e-02
2.667615166912120847e-02
2.670007780772402223e-02
2.672155485877652364e-02
2.674057436098321860e-02
2.675712878768355188e-02
2.677121155253342835e-02
2.678281701515344837e-02
2.679194048553815502e-02
2.679857822823648872e-02
2.680272746546279172e-02
2.680438637979088920e-02
2.680355411594473672e-02
2.680023078201468692e-02
2.679441744986435156e-02
2.678611615494002826e-02
2.677532989519991469e-02
2.676206262958655616e-02
2.674631927544496302e-02
2.672810570567103750e-02
2.670742874462746566e-02
2.668429616397630447e-02
2.665871667710809426e-02
2.663069993361001989e-02
2.660025651256111429e-02
2.656739791504964671e-02
2.653213655674890176e-02
2.649448575873387599e-02
2.645445973888364485e-02
2.641207360131221649e-02
2.636734332657637500e-02
2.632028575976349052e-02
2.627091859954970923e-02
2.621926038499146003e-02
2.616533048335680997e-02
2.610914907629962450e-02
2.605073714538088531e-02
2.599011645836058620e-02
2.592730955299185625e-02
2.586233972246619606e-02
2.579523099812008544e-02
2.572600813398472769e-02
2.565469658847284798e-02
2.558132250810095723e-02
2.550591270823118761e-02
2.542849465585763843e-02
2.534909645037090875e-02
2.526774680387200434e-02
2.518447502297340920e-02
2.509931098751939232e-02
2.501228513199091688e-02
2.492342842355984439e-02
2.483277234300947101e-02
2.474034886220783519e-02
2.464619042462369916e-02
2.455032992230799654e-02
2.445280067586237324e-02
2.435363641213475483e-02
2.425287124170524833e-02
2.415053963853466129e-02
2.404667641609905052e-02
2.394131670713972593e-02
2.383449593960983159e-02
2.372624981639392602e-02
2.361661429115577762e-02
2.350562554810762400e-02
2.339331997784438455e-02
2.327973415698183710e-02
2.316490482536239653e-02
2.304886886329922044e-02
2.293166327155753137e-02
2.281332514752488702e-02
2.269389166576739683e-02
2.257340005447255882e-02
2.245188757639803370e-02
2.232939150566209258e-02
2.220594910915374073e-02
2.208159762374572663e-02
2.195637423822986711e-02
2.183031607101907148e-02
2.170346015238374185e-02
2.157584340415340945e-02
2.144750261970274074e-02
2.131847444717979712e-02
2.118879536870797373e-02
2.105850168462291769e-02
2.092762949337534720e-02
2.079621467653799960e-02
2.066429287945786494e-02
2.053189949707592138e-02
2.039906965537340716e-02
2.026583819773944764e-02
2.013223966876651408e-02
1.999830829846878030e-02
1.986407798998635066e-02
1.972958230318128114e-02
1.959485444356778502e-02
1.945992724681976441e-02
1.932483316864528483e-02
1.918960427023042731e-02
1.905427220907167027e-02
1.891886822537438076e-02
1.878342313354721543e-02
1.864796731110679451e-02
1.851253068806935770e-02
1.837714273990920591e-02
1.824183247638886882e-02
1.810662843580300094e-02
1.797155867478641977e-02
1.783665076352982867e-02
1.770193177656438979e-02
1.756742828893844213e-02
1.743316636797105287e-02
1.729917157007355988e-02
1.716546893498196308e-02
1.703208298046755137e-02
1.689903770054732371e-02
1.676635655960162508e-02
1.663406249178724788e-02
1.650217789606814658e-02
1.637072463650276338e-02
1.623972403816316065e-02
1.610919688826700086e-02
1.597916343295836816e-02
1.584964337896059908e-02
1.572065589265789209e-02
1.559221959959264554e-02
1.546435258727288029e-02
1.533707240397297333e-02
1.521039606256237298e-02
1.508434004005500782e-02
1.495892028212533753e-02
1.483415220336870531e-02
1.471005069246508756e-02
1.458663011311295450e-02
1.446390430952003425e-02
1.434188660936267998e-02
1.422058982706137127e-02
1.410002627009931259e-02
1.398020774146436704e-02
1.386114554674795253e-02
1.374285049711925465e-02
1.362533291688013820e-02
1.350860264692945595e-02
1.339266905273112096e-02
1.327754102822647012e-02
1.316322700391385145e-02
1.304973495246189615e-02
1.293707239453111349e-02
1.282524640732414685e-02
1.271426362943837117e-02
1.260413026994348235e-02
1.249485211354005657e-02
1.238643452986027023e-02
1.227888247889239934e-02
1.217220052046582429e-02
1.206639281990260978e-02
1.196146315741087630e-02
1.185741493511417201e-02
1.175425118418224613e-02
1.165197457436969314e-02
1.155058742007615373e-02
1.145009169018223853e-02
1.135048901421282369e-02
1.125178069219483039e-02
1.115396770089218878e-02
1.105705070365424654e-02
1.096103005669033653e-02
1.086590581866467460e-02
1.077167775805844968e-02
1.067834536054900786e-02
1.058590783848907015e-02
1.049436413716045742e-02
1.040371294436693607e-02
1.031395269663562021e-02
1.022508158868037746e-02
1.013709757952772211e-02
1.004999840182976834e-02
9.963781567894123767e-03
9.878444378826510205e-03
9.793983930445537486e-03
9.710397122048528354e-03
9.627680663138779571e-03
9.545831080101437049e-03
9.464844724653810951e-03
9.384717779401301196e-03
9.305446266256156215e-03
9.227026051826176314e-03
9.149452855597539624e-03
9.072722255144565276e-03
8.996829694066935459e-03
8.921770487011196002e-03
8.847539827186190822e-03
8.774132792027027755e-03
8.701544348776188778e-03
8.629769361603112712e-03
8.558802596121899142e-03
8.488638726414973051e-03
8.419272339340084024e-03
8.350697941283038300e-03
8.282909962251330457e-03
8.215902762354183875e-03
8.149670635680287406e-03
8.084207816356421203e-03
8.019508482948734668e-03
7.955566762772590603e-03
7.892376737538784812e-03
7.829932446690999678e-03
7.768227892932738979e-03
7.707257045350400862e-03
7.647013844673006266e-03
7.587492206182717969e-03
7.528686024711438336e-03
7.470589177342132001e-03
7.413195528016411004e-03
7.356498930679312639e-03
7.300493232339099262e-03
7.245172277292535531e-03
7.190529909322349381e-03
7.136559975809523247e-03
7.083256329738392421e-03
7.030612833569568725e-03
6.978623361057934189e-03
6.927281800893561950e-03
6.876582058338198862e-03
6.826518058528370687e-03
6.777083748502412547e-03
6.728273099157917013e-03
6.680080108227509986e-03
6.632498801491551639e-03
6.585523235663904434e-03
6.539147499447000612e-03
6.493365716218953143e-03
6.448172044937787277e-03
6.403560682638517743e-03
6.359525865193451158e-03
6.316061869528435783e-03
6.273163014737778709e-03
6.230823663146542804e-03
6.189038222264797717e-03
6.147801145220681447e-03
6.107106932652264612e-03
6.066950133021476420e-03
6.027325344351149201e-03
5.988227214426746804e-03
5.949650442386033092e-03
5.911589778815217258e-03
5.874040027113805636e-03
5.836996043916117816e-03
5.800452739477314663e-03
5.764405078839535818e-03
5.728848081692775734e-03
5.693776823505750789e-03
5.659186435303884162e-03
5.625072104684272593e-03
5.591429075516539393e-03
5.558252648848262083e-03
5.525538182534537809e-03
5.493281091967274973e-03
5.461476850002448466e-03
5.430120986866652719e-03
5.399209090740619311e-03
5.368736807232660745e-03
5.338699839948425618e-03
5.309093949910371688e-03
5.279914956044112068e-03
5.251158734547732229e-03
5.222821219300166455e-03
5.194898401185141408e-03
5.167386328425096521e-03
5.140281105864206307e-03
5.113578895172314447e-03
5.087275914391425034e-03
5.061368437473472495e-03
5.035852794385926347e-03
5.010725370306643583e-03
4.985982605731546433e-03
4.961620995639675659e-03
4.937637089544534043e-03
4.914027490632502139e-03
4.890788855760633443e-03
4.867917894570591465e-03
4.845411369385776296e-03
4.823266094556642562e-03
4.801478935804571503e-03
4.780046810046399350e-03
4.758966684457141029e-03
4.738235576303435025e-03
4.717850551988572901e-03
4.697808726844094826e-03
4.678107264159455519e-03
4.658743374933553734e-03
4.639714316890153518e-03
4.621017394149054373e-03
4.602649956439454001e-03
4.584609398314240004e-03
4.566893158765703530e-03
4.549498720210157915e-03
4.532423608112489018e-03
4.515665389960592767e-03
4.499221674856257111e-03
4.483090112479879048e-03
4.467268392648822244e-03
4.451754244273364164e-03
4.436545434848980680e-03
4.421639769574845467e-03
4.407035090474760615e-03
4.392729275842739874e-03
4.378720239178013340e-03
4.365005928636381261e-03
4.351584325957784556e-03
4.338453445888658389e-03
4.325611335101915006e-03
4.313056071591113254e-03
4.300785763583144308e-03
4.288798548877505862e-03
4.277092593886843049e-03
4.265666092680562432e-03
4.254517266281768531e-03
4.243644361563029058e-03
4.233045650544813715e-03
4.222719429284781979e-03
4.212664017149918283e-03
4.202877755699639846e-03
4.193359007932034171e-03
4.184106157161057542e-03
4.175117606217129337e-03
4.166391776419613689e-03
4.157927106552251027e-03
4.149722052025722058e-03
4.141775083741421233e-03
4.134084687251292876e-03
4.126649361617122126e-03
4.119467618547123164e-03
4.112537981251085037e-03
4.105858983554702517e-03
4.099429168751090279e-03
4.093247088679949179e-03
4.087311302645200289e-03
4.081620376337109259e-03
4.076172880880080118e-03
4.070967391678953148e-03
4.066002487462875604e-03
4.061276749131250037e-03
4.056788758780218752e-03
4.052537098549412707e-03
4.048520349632532024e-03
4.044737091126070737e-03
4.041185899017937441e-03
4.037865345078725000e-03
4.034773995760730994e-03
4.031910411167340287e-03
4.029273143913882430e-03
4.026860738096178956e-03
4.024671728159404799e-03
4.022704637859280362e-03
4.020957979140909327e-03
4.019430251094882785e-03
4.018119938848352043e-03
4.017025512516346659e-03
4.016145426118764884e-03
4.015478116510276529e-03
4.015022002332000947e-03
4.014775482944063154e-03
4.014736937384751937e-03
4.014904723324476399e-03
4.015277176032705161e-03
4.015852607355921075e-03
4.016629304695603676e-03
4.017605530013617678e-03
4.018779518824570213e-03
4.020149479231718316e-03
4.021713590941104755e-03
4.023470004312770104e-03
4.025416839435049660e-03
4.027552185171385385e-03
4.029874098288425271e-03
4.032380602527553363e-03
4.035069687776165516e-03
4.037939309170640416e-03
4.040987386314491038e-03
4.044211802417221890e-03
4.047610403563148274e-03
4.051180997898398174e-03
4.054921354913199050e-03
4.058829204756649045e-03
4.062902237490875236e-03
4.067138102504407396e-03
4.071534407809193450e-03
4.076088719518938634e-03
4.080798561201018013e-03
4.085661413423556654e-03
4.090674713166824947e-03
4.095835853442794661e-03
4.101142182782643517e-03
4.106591004871669622e-03
4.112179578227541030e-03
4.117905115790285175e-03
4.123764784740593069e-03
4.129755706152326428e-03
4.135874954896698492e-03
4.142119559372891419e-03
4.148486501501528513e-03
4.154972716537132411e-03
4.161575093154427571e-03
4.168290473361388124e-03
4.175115652604407222e-03
4.182047379924783842e-03
4.189082358005867361e-03
4.196217243503900553e-03
4.203448647173904998e-03
4.210773134302640310e-03
4.218187224930700779e-03
4.225687394389985620e-03
4.233270073624456273e-03
4.240931649833546216e-03
4.248668466911333964e-03
4.256476826109356626e-03
4.264352986754898177e-03
4.272293166844146929e-03
4.280293543956086889e-03
4.288350255932191039e-03
4.296459401899791961e-03
4.304617043056594046e-03
4.312819203802847716e-03
4.321061872631223530e-03
4.329341003367331159e-03
4.337652516183342598e-03
4.345992298851307327e-03
4.354356208050077365e-03
4.362740070534770233e-03
4.371139684642200152e-03
4.379550821543693601e-03
4.387969226852822362e-03
4.396390621978277929e-03
4.404810705831136916e-03
4.413225156275056918e-03
4.421629631929671622e-03
4.430019773734149985e-03
4.438391206747549500e-03
4.446739541993341600e-03
4.455060378157323434e-03
4.463349303612897979e-03
4.471601898184126428e-03
4.479813735250891445e-03
4.487980383591302740e-03
4.496097409560535774e-03
4.504160379007589310e-03
4.512164859521652568e-03
4.520106422434558985e-03
4.527980645038463640e-03
4.535783112829186794e-03
4.543509421599243626e-03
4.551155179822305788e-03
4.558716010779127574e-03
4.566187554983869822e-03
4.573565472353714224e-03
4.580845444668663058e-03
4.588023177776966860e-03
4.595094404080029941e-03
4.602054884780987579e-03
4.608900412307035711e-03
4.615626812733665367e-03
4.622229948059282389e-03
4.628705718712424963e-03
4.635050065816206585e-03
4.641258973687704785e-03
4.647328472099436850e-03
4.653254638761058701e-03
4.659033601568825060e-03
4.664661541060019338e-03
4.670134692640368068e-03
4.675449349001704197e-03
4.680601862329616079e-03
4.685588646616456639e-03
4.690406179943074592e-03
4.695051006623445281e-03
4.699519739485720146e-03
4.703809061950292754e-03
4.707915730239310009e-03
4.711836575391052141e-03
4.715568505388649176e-03
4.719108507101754321e-03
4.722453648324762519e-03
4.725601079644614101e-03
4.728548036344802988e-03
4.731291840251805082e-03
4.733829901466690519e-03
4.736159720138145499e-03
4.738278888084805629e-03
4.740185090448317297e-03
4.741876107206280215e-03
4.743349814697600184e-03
4.744604187019729052e-03
4.745637297418850431e-03
4.746447319566369019e-03
4.747032528799806882e-03
4.747391303285768138e-03
4.747522125102801062e-03
4.747423581267456658e-03
4.747094364678199410e-03
4.746533274986657405e-03
4.745739219401241653e-03
4.744711213398792107e-03
4.743448381384350251e-03
4.741949957239908510e-03
4.740215284832685963e-03
4.738243818419383101e-03
4.736035122961911037e-03
4.733588874411314568e-03
4.730904859839377835e-03
4.727982977574239805e-03
4.724823237162563416e-03
4.721425759352981984e-03
4.717790775888672239e-03
4.713918629339275239e-03
4.709809772724302644e-03
4.705464769183992021e-03
4.700884291486180470e-03
4.696069121445174861e-03
4.691020149370343957e-03
4.685738373275673448e-03
4.680224898191894314e-03
4.674480935215555126e-03
4.668507800679420026e-03
4.662306915044570239e-03
4.655879801933143075e-03
4.649228086868589620e-03
4.642353496159436557e-03
4.635257855572338069e-03
4.627943088928425201e-03
4.620411216799387953e-03
4.612664354892050469e-03
4.604704712640835494e-03
4.596534591461509320e-03
4.588156383232252708e-03
4.579572568423956845e-03
4.570785714476608905e-03
4.561798473814419712e-03
4.552613582104224690e-03
4.543233856268574095e-03
4.533662192443831639e-03
4.523901564109868503e-03
4.513955019852760979e-03
4.503825681438576069e-03
4.493516741491046865e-03
4.483031461498098585e-03
4.472373169413505767e-03
4.461545257605316339e-03
4.450551180391062837e-03
4.439394451911528316e-03
4.428078643737029182e-03
4.416607382444861715e-03
4.404984347437852603e-03
4.393213268355649313e-03
4.381297922891742337e-03
4.369242134172749044e-03
4.357049768558300326e-03
4.344724732997903155e-03
4.332270972822743413e-03
4.319692469089816446e-03
4.306993236374775068e-03
4.294177320112287956e-03
4.281248794369679929e-03
4.268211759340002388e-03
4.255070338838862036e-03
4.241828678109553323e-03
4.228490941193673892e-03
4.215061308796078966e-03
4.201543975682991289e-03
4.187943148585261677e-03
4.174263043632307074e-03
4.160507884301055913e-03
4.146681898893341857e-03
4.132789318506017127e-03
4.118834374717282414e-03
4.104821297299302181e-03
4.090754312280053644e-03
4.076637639560265133e-03
4.062475491074583195e-03
4.048272068475752307e-03
4.034031561369248384e-03
4.019758145070158155e-03
4.005455978916238648e-03
3.991129204102644885e-03
3.976781942044916446e-03
3.962418292459378433e-03
3.948042331486104756e-03
3.933658110182461712e-03
3.919269652571866734e-03
3.904880954260823035e-03
3.890495980579168969e-03
3.876118665290478969e-03
3.861752908826729998e-03
3.847402577093776612e-03
3.833071499802526150e-03
3.818763469338347458e-03
3.804482239352852731e-03
3.790231523405726121e-03
3.776014993979971094e-03
3.761836281060278956e-03
3.747698971278418632e-03
3.733606606591408170e-03
3.719562683523863853e-03
3.705570651946033228e-03
3.691633914412040165e-03
3.677755825037130628e-03
3.663939688899261592e-03
3.650188761170852433e-03
3.636506246300531039e-03
3.622895297552984097e-03
3.609359016128182041e-03
3.595900450822387632e-03
3.582522597240865147e-03
3.569228397545638580e-03
3.556020739759200525e-03
3.542902457596025425e-03
3.529876329854404141e-03
3.516945080299069097e-03
3.504111377284658668e-03
3.491377833422584787e-03
3.478747005576809763e-03
3.466221394462273408e-03
3.453803444741173224e-03
3.441495544697621787e-03
3.429300026400651340e-03
3.417219165451328838e-03
3.405255181208003291e-03
3.393410236601784521e-03
3.381686438393175561e-03
3.370085837184172341e-03
3.358610427463797586e-03
3.347262147942228500e-03
3.336042881518677932e-03
3.324954455688916913e-03
3.313998642566489457e-03
3.303177159331826835e-03
3.292491668302182078e-03
3.281943777417925881e-03
3.271535040356703984e-03
3.261266957028765342e-03
3.251140973847091529e-03
3.241158484019222331e-03
3.231320828081573129e-03
3.221629294105377798e-03
3.212085118275885554e-03
3.202689485127539152e-03
3.193443528139302059e-03
3.184348329995085117e-03
3.175404923191259277e-03
3.166614290317848641e-03
3.157977364654781811e-03
3.149495030567376740e-03
3.141168123912711427e-03
3.132997432639617486e-03
3.124983697105573367e-03
3.117127610695509705e-03
3.109429820146559532e-03
3.101890926161845509e-03
3.094511483740014068e-03
3.087292002780379820e-03
3.080232948414468944e-03
3.073334741599559588e-03
3.066597759448916848e-03
3.060022335796314715e-03
3.053608761596257604e-03
3.047357285324704072e-03
3.041268113516837172e-03
3.035341411083047371e-03
3.029577301841560304e-03
3.023975868825170589e-03
3.018537154791572745e-03
3.013261162518458477e-03
3.008147855290214164e-03
3.003197157179902758e-03
2.998408953499741552e-03
2.993783091122382937e-03
2.989319378798479827e-03
2.985017587565863984e-03
2.980877450994170227e-03
2.976898665577447714e-03
2.973080890962140777e-03
2.969423750311411640e-03
2.965926830515840367e-03
2.962589682529079543e-03
2.959411821561259027e-03
2.956392727379075769e-03
2.953531844515418225e-03
2.950828582474433661e-03
2.948282315987759382e-03
2.945892385165450184e-03
2.943658095731812273e-03
2.941578719160095005e-03
2.939653492881013318e-03
2.937881620402137475e-03
2.936262271490216406e-03
2.934794582276152326e-03
2.933477655409221993e-03
2.932310560163359312e-03
2.931292332540036578e-03
2.930421975387461232e-03
2.929698458474961232e-03
2.929120718594515390e-03
2.928687659625805063e-03
2.928398152618358515e-03
2.928251035849073480e-03
2.928245114887204677e-03
2.928379162646188236e-03
2.928651919434431365e-03
2.929062092999676174e-03
2.929608358575572658e-03
2.930289358913838304e-03
2.931103704331357133e-03
2.932049972733185607e-03
2.933126709662090686e-03
2.934332428315176728e-03
2.935665609598059594e-03
2.937124702138018892e-03
2.938708122345401984e-03
2.940414254430138985e-03
2.942241450452844683e-03
2.944188030384113988e-03
2.946252282125414509e-03
2.948432461599473451e-03
2.950726792774035524e-03
2.953133467769074490e-03
2.955650646889991864e-03
2.958276458753867928e-03
2.961009000335276635e-03
2.963846337114515138e-03
2.966786503145454456e-03
2.969827501194461337e-03
2.972967302895090924e-03
2.976203848843721189e-03
2.979535048814489512e-03
2.982958781871421303e-03
2.986472896614045594e-03
2.990075211315045348e-03
2.993763514199263877e-03
2.997535563609432085e-03
3.001389088320896310e-03
3.005321787747124076e-03
3.009331332246977398e-03
3.013415363454131565e-03
3.017571494532317149e-03
3.021797310589001244e-03
3.026090368958535108e-03
3.030448199658397710e-03
3.034868305711257552e-03
3.039348163645428248e-03
3.043885223857422696e-03
3.048476911158377965e-03
3.053120625178685175e-03
3.057813740961528616e-03
3.062553609422278677e-03
3.067337557935703556e-03
3.072162890948807595e-03
3.077026890508020255e-03
3.081926816974032719e-03
3.086859909584856610e-03
3.091823387220380814e-03
3.096814449012446832e-03
3.101830275159260693e-03
3.106868027583092103e-03
3.111924850794092583e-03
3.116997872607401091e-03
3.122084204998596454e-03
3.127180944983778098e-03
3.132285175407774954e-03
3.137393965929828783e-03
3.142504373847238713e-03
3.147613445128037788e-03
3.152718215280580355e-03
3.157815710431879138e-03
3.162902948242309747e-03
3.167976939027638498e-03
3.173034686728765791e-03
3.178073190018382115e-03
3.183089443427331803e-03
3.188080438376379722e-03
3.193043164398812715e-03
3.197974610199709466e-03
3.202871764913866118e-03
3.207731619201635402e-03
3.212551166539718769e-03
3.217327404350517773e-03
3.222057335322572619e-03
3.226737968581314901e-03
3.231366320982560249e-03
3.235939418416543343e-03
3.240454297019107477e-03
3.244908004550157467e-03
3.249297601616529980e-03
3.253620163066591083e-03
3.257872779232042805e-03
3.262052557334515004e-03
3.266156622742032948e-03
3.270182120383441447e-03
3.274126216024265349e-03
3.277986097639882818e-03
3.281758976786147263e-03
3.285442089883888490e-03
3.289032699631863187e-03
3.292528096281673467e-03
3.295925599041568850e-03
3.299222557346674113e-03
3.302416352248698818e-03
3.305504397676824538e-03
3.308484141808126864e-03
3.311353068320816839e-03
3.314108697708516033e-03
3.316748588578040478e-03
3.319270338873006078e-03
3.321671587174130063e-03
3.323950013890237046e-03
3.326103342521486393e-03
3.328129340819676717e-03
3.330025822009666410e-03
3.331790645914457175e-03
3.333421720129702438e-03
3.334917001112243286e-03
3.336274495286776186e-03
3.337492260121997355e-03
3.338568405151780272e-03
3.339501093011994735e-03
3.340288540407205381e-03
3.340929019084621331e-03
3.341420856746292727e-03
3.341762437955812966e-03
3.341952204992143082e-03
3.341988658685140882e-03
3.341870359207188990e-03
3.341595926835987888e-03
3.341164042675673525e-03
3.340573449349517124e-03
3.339822951642457648e-03
3.338911417123736122e-03
3.337837776706569903e-03
3.336601025198476789e-03
3.335200221775276065e-03
3.333634490456770065e-03
3.331903020492876701e-03
3.330005066758054844e-03
3.327939950070280505e-03
3.325707057461043097e-03
3.323305842452036873e-03
3.320735825214258044e-03
3.317996592768188840e-03
3.315087799050000627e-03
3.312009165030513867e-03
3.308760478687635970e-03
3.305341595044008259e-03
3.301752436045425707e-03
3.297992990516899429e-03
3.294063313947265606e-03
3.289963528354547962e-03
3.285693822024784300e-03
3.281254449200893004e-03
3.276645729828315309e-03
3.271868049108067698e-03
3.266921857172392848e-03
3.261807668547578656e-03
3.256526061752305131e-03
3.251077678671889307e-03
3.245463224081318685e-03
3.239683464933305109e-03
3.233739229794511776e-03
3.227631408118142049e-03
3.221360949472209124e-03
3.214928862871867417e-03
3.208336215863337622e-03
3.201584133803264849e-03
3.194673798866632438e-03
3.187606449263368207e-03
3.180383378173774582e-03
3.173005932906096567e-03
3.165475513763173990e-03
3.157793573127288568e-03
3.149961614350397978e-03
3.141981190610517675e-03
3.133853903921715936e-03
3.125581403847841992e-03
3.117165386484407278e-03
3.108607593119119567e-03
3.099909809173215930e-03
3.091073862813614129e-03
3.082101623858256138e-03
3.072995002344499835e-03
3.063755947382477193e-03
3.054386445790237270e-03
3.044888520708809339e-03
3.035264230418203372e-03
3.025515666818644894e-03
3.015644954248016592e-03
3.005654247937159917e-03
2.995545732813176092e-03
2.985321621933954405e-03
2.974984155281834661e-03
2.964535598182843450e-03
2.953978240071417939e-03
2.943314393019878621e-03
2.932546390261533444e-03
2.921676584958210563e-03
2.910707348602513400e-03
2.899641069815886690e-03
2.888480152752899432e-03
2.877227015910818232e-03
2.865884090540738068e-03
2.854453819472851841e-03
2.842938655539277524e-03
2.831341060392750068e-03
2.819663503077564446e-03
2.807908458607818406e-03
2.796078406824450014e-03
2.784175830865452672e-03
2.772203216078946396e-03
2.760163048519599302e-03
2.748057813894799577e-03
2.735889996091355695e-03
2.723662076158305748e-03
2.711376530866988974e-03
2.699035831705573138e-03
2.686642443616609095e-03
2.674198823752768715e-03
2.661707420536387533e-03
2.649170672317343895e-03
2.636591006506878131e-03
2.623970838279410505e-03
2.611312569754791271e-03
2.598618588746550665e-03
2.585891267994618135e-03
2.573132963962045713e-03
2.560346016090690648e-03
2.547532745793934343e-03
2.534695455474528323e-03
2.521836427861030416e-03
2.508957924933452339e-03
2.496062187343598814e-03
2.483151433394836793e-03
2.470227858517940953e-03
2.457293634305800310e-03
2.444350908045570241e-03
2.431401801808716779e-03
2.418448412010313579e-03
2.405492808702242719e-03
2.392537034894387429e-03
2.379583106198446957e-03
2.366633010058247135e-03
2.353688705478778308e-03
2.340752122312545706e-03
2.327825161044140643e-03
2.314909692131996224e-03
2.302007555847713355e-03
2.289120561672735622e-03
2.276250488191456939e-03
2.263399082542002453e-03
2.250568060332758854e-03
2.237759105292089039e-03
2.224973868944758477e-03
2.212213970604635059e-03
2.199480996956275532e-03
2.186776502125964590e-03
2.174102007313306450e-03
2.161459000909496126e-03
2.148848938177484128e-03
2.136273241415785097e-03
2.123733299685523403e-03
2.111230468989417578e-03
2.098766072185872470e-03
2.086341398926025263e-03
2.073957705893992969e-03
2.061616216643457570e-03
2.049318121905030401e-03
2.037064579463147059e-03
2.024856714499745185e-03
2.012695619509514110e-03
2.000582354677663856e-03
1.988517947831430505e-03
1.976503394822393209e-03
1.964539659648497239e-03
1.952627674593513394e-03
1.940768340652512325e-03
1.928962527564968485e-03
1.917211074293712070e-03
1.905514789086892695e-03
1.893874449980815448e-03
1.882290804888516519e-03
1.870764572124232993e-03
1.859296440516456511e-03
1.847887069925922355e-03
1.836537091510430809e-03
1.825247108001564400e-03
1.814017694247167583e-03
1.802849397376740919e-03
1.791742737383972706e-03
1.780698207309426183e-03
1.769716273834978518e-03
1.758797377481812396e-03
1.747941933214698694e-03
1.737150330653441498e-03
1.726422934660736420e-03
1.715760085686766695e-03
1.705162100120276737e-03
1.694629270884564359e-03
1.684161867674560231e-03
1.673760137580763670e-03
1.663424305333483042e-03
1.653154573928610795e-03
1.642951124877512761e-03
1.632814118832824016e-03
1.622743695842562665e-03
1.612739975951870504e-03
1.602803059573091552e-03
1.592933027858474794e-03
1.583129943296728232e-03
1.573393849971484659e-03
1.563724774176219069e-03
1.554122724672179698e-03
1.544587693297278571e-03
1.535119655222452620e-03
1.525718569553516021e-03
1.516384379584765707e-03
1.507117013371865122e-03
1.497916384086694702e-03
1.488782390371588046e-03
1.479714916898092420e-03
1.470713834609788193e-03
1.461779001292092157e-03
1.452910261809278649e-03
1.444107448663439113e-03
1.435370382225090819e-03
1.426698871280474967e-03
1.418092713255241248e-03
1.409551694730234702e-03
1.401075591754241852e-03
1.392664170154172274e-03
1.384317186031618421e-03
1.376034385966590223e-03
1.367815507520551716e-03
1.359660279431475520e-03
1.351568422103449673e-03
1.343539647792715234e-03
1.335573661083564465e-03
1.327670159065243811e-03
1.319828831793826629e-03
1.312049362459845802e-03
1.304331427818566534e-03
1.296674698435484841e-03
1.289078838928058024e-03
1.281543508374871935e-03
1.274068360459028239e-03
1.266653043880799348e-03
1.259297202491502449e-03
1.252000475692027293e-03
1.244762498556958906e-03
1.237582902219256861e-03
1.230461313984721437e-03
1.223397357686816563e-03
1.216390653871579630e-03
1.209440819979113683e-03
1.202547470677741348e-03
1.195710217954840159e-03
1.188928671453914508e-03
1.182202438556241705e-03
1.175531124704811206e-03
1.168914333476994347e-03
1.162351666895578743e-03
1.155842725492689169e-03
1.149387108593568794e-03
1.142984414445066257e-03
1.136634240341167622e-03
1.130336182888174671e-03
1.124089838047741220e-03
1.117894801405085658e-03
1.111750668204145769e-03
1.105657033604266846e-03
1.099613492707684484e-03
1.093619640805105478e-03
1.087675073395831483e-03
1.081779386409144859e-03
1.075932176284136524e-03
1.070133040047353042e-03
1.064381575518277010e-03
1.058677381312466467e-03
1.053020057050711809e-03
1.047409203355864063e-03
1.041844422052406148e-03
1.036325316157264698e-03
1.030851490070153458e-03
1.025422549558710830e-03
1.020038101927774618e-03
1.014697756060043300e-03
1.009401122455155005e-03
1.004147813386139197e-03
9.989374428715732702e-04
9.937696268364274148e-04
9.886439830795511283e-04
9.835601314268534179e-04
9.785176936944253983e-04
9.735162938344116713e-04
9.685555578939692616e-04
9.636351141430575399e-04
9.587545930852601865e-04
9.539136274676650925e-04
9.491118523986266046e-04
9.443489052975729279e-04
9.396244260178724696e-04
9.349380567934946701e-04
9.302894423559371958e-04
9.256782298779617007e-04
9.211040690849056113e-04
9.165666121956863492e-04
9.120655140186365636e-04
9.076004319409490973e-04
9.031710259177212329e-04
8.987769585602089660e-04
8.944178950709691638e-04
8.900935033377653516e-04
8.858034538667544037e-04
8.815474198719970827e-04
8.773250772068882149e-04
8.731361044494742943e-04
8.689801828323196961e-04
8.648569963145467075e-04
8.607662315569647969e-04
8.567075778972083402e-04
8.526807274162374623e-04
8.486853748648932058e-04
8.447212177364922395e-04
8.407879561923692737e-04
8.368852931312629638e-04
8.330129341140316218e-04
8.291705874299994507e-04
8.253579640209347812e-04
8.215747775360134845e-04
8.178207442980830457e-04
8.140955832703402608e-04
8.103990161071873656e-04
8.067307670770296852e-04
8.030905631193585538e-04
7.994781337672671791e-04
7.958932112022646527e-04
7.923355301766031632e-04
7.888048280659166632e-04
7.853008447915226040e-04
7.818233228710054971e-04
7.783720073405039040e-04
7.749466457957015185e-04
7.715469883529701197e-04
7.681727876111496024e-04
7.648237986897992802e-04
7.614997791518832116e-04
7.582004890482471008e-04
7.549256908405890939e-04
7.516751494444551176e-04
7.484486321525279972e-04
7.452459086762285110e-04
7.420667510694059889e-04
7.389109337615022135e-04
7.357782335173688277e-04
7.326684293979180600e-04
7.295813027913514333e-04
7.265166373380514426e-04
7.234742189679963962e-04
7.204538358262069881e-04
7.174552783091453501e-04
7.144783389907288784e-04
7.115228126577654308e-04
7.085884962366608255e-04
7.056751888213189409e-04
7.027826916334982974e-04
6.999108079840098704e-04
6.970593432992888260e-04
6.942281050498189630e-04
6.914169027826581274e-04
6.886255480505784447e-04
6.858538544438970864e-04
6.831016375203998381e-04
6.803687148364381864e-04
6.776549058776950955e-04
6.749600320835368386e-04
6.722839168090788235e-04
6.696263852879943143e-04
6.669872646560330532e-04
6.643663838836866677e-04
6.617635738053395059e-04
6.591786670527903470e-04
6.566114980838744708e-04
6.540619031168537056e-04
6.515297201585638345e-04
6.490147889396054347e-04
6.465169509364374241e-04
6.440360493356993288e-04
6.415719289993619895e-04
6.391244364861182201e-04
6.366934199886838293e-04
6.342787293605506348e-04
6.318802160541533292e-04
6.294977331472400954e-04
6.271311352818991370e-04
6.247802786906092370e-04
6.224450211360975458e-04
6.201252219318066075e-04
6.178207419088871258e-04
6.155314433838969795e-04
6.132571901788077878e-04
6.109978475629237668e-04
6.087532822779504350e-04
6.065233624807102493e-04
6.043079577679851466e-04
6.021069391200572574e-04
5.999201789252639168e-04
5.977475509243995603e-04
5.955889302301238097e-04
5.934441932966233284e-04
5.913132178899674568e-04
5.891958831071556933e-04
5.870920693224869827e-04
5.850016582113631586e-04
5.829245326974488326e-04
5.808605769762694880e-04
5.788096764631485251e-04
5.767717178166224508e-04
5.747465888871440207e-04
5.727341787357297575e-04
5.707343776062668260e-04
5.687470768984050507e-04
5.667721691859429253e-04
5.648095481673728142e-04
5.628591086887081794e-04
5.609207466947788330e-04
5.589943592518691875e-04
5.570798444997820996e-04
5.551771016742594123e-04
5.532860310597999699e-04
5.514065340076775403e-04
5.495385129106984201e-04
5.476818711786027305e-04
5.458365132557974108e-04
5.440023445758916101e-04
5.421792715836191469e-04
5.403672016900123868e-04
5.385660432942259313e-04
5.367757057393546206e-04
5.349960993341043494e-04
5.332271353092827085e-04
5.314687258393314571e-04
5.297207839994683360e-04
5.279832237831177857e-04
5.262559600794067044e-04
5.245389086511182807e-04
5.228319861519492399e-04
5.211351100851745275e-04
5.194481988247434982e-04
5.177711715745589088e-04
5.161039483894251136e-04
5.144464501349629414e-04
5.127985985083985138e-04
5.111603159990707468e-04
5.095315259054203653e-04
5.079121523145027108e-04
5.063021200820012327e-04
5.047013548490006385e-04
5.031097830038822830e-04
5.015273317027210470e-04
4.999539288317270559e-04
4.983895030275201522e-04
4.968339836400998376e-04
4.952873007530190228e-04
4.937493851468775308e-04
4.922201683158978136e-04
4.906995824492967322e-04
4.891875604130926447e-04
4.876840357664662877e-04
4.861889427265533707e-04
4.847022161881765138e-04
4.832237916891576630e-04
4.817536054299108154e-04
4.802915942392561497e-04
4.788376955938888815e-04
4.773918475846805794e-04
4.759539889327623285e-04
4.745240589726037496e-04
4.731019976354262782e-04
4.716877454651254324e-04
4.702812435857111370e-04
4.688824337203839903e-04
4.674912581594235263e-04
4.661076597791649514e-04
4.647315820103142033e-04
4.633629688568130685e-04
4.620017648645890606e-04
4.606479151372421996e-04
4.593013653205689473e-04
4.579620615874516274e-04
4.566299506533612156e-04
4.553049797461182903e-04
4.539870966244055682e-04
4.526762495479354307e-04
4.513723872958199409e-04
4.500754591371875554e-04
4.487854148493933292e-04
4.475022046890477336e-04
4.462257794072208559e-04
4.449560902353305873e-04
4.436930888713096666e-04
4.424367274946638929e-04
4.411869587384200210e-04
4.399437357069476600e-04
4.387070119482980226e-04
4.374767414719268367e-04
4.362528787213850812e-04
4.350353785919250740e-04
4.338241964035377735e-04
4.326192879157383150e-04
4.314206093146072461e-04
4.302281172001611444e-04
4.290417686009166502e-04
4.278615209478140499e-04
4.266873320914222624e-04
4.255191602761876292e-04
4.243569641575445210e-04
4.232007027764898214e-04
4.220503355765652738e-04
4.209058223787755476e-04
4.197671233958847454e-04
4.186341992205277465e-04
4.175070108136319578e-04
4.163855195185288557e-04
4.152696870366388003e-04
4.141594754440696292e-04
4.130548471676226668e-04
4.119557650012798072e-04
4.108621920824957535e-04
4.097740919086025925e-04
4.086914283133626763e-04
4.076141654832975201e-04
4.065422679345111374e-04
4.054757005264865671e-04
4.044144284513148668e-04
4.033584172232040476e-04
4.023076326920419009e-04
4.012620410209860274e-04
4.002216087023763476e-04
3.991863025355683707e-04
3.981560896427462299e-04
3.971309374470449456e-04
3.961108136882443608e-04
3.950956864011461920e-04
3.940855239288927484e-04
3.930802949130412236e-04
3.920799682839100136e-04
3.910845132736874802e-04
3.900938993954710700e-04
3.891080964585961989e-04
3.881270745479105345e-04
3.871508040390147891e-04
3.861792555777718945e-04
3.852124000954494035e-04
3.842502087884720145e-04
3.832926531312911048e-04
3.823397048672343905e-04
3.813913359995826165e-04
3.804475188042456151e-04
3.795082258101377588e-04
3.785734298139463655e-04
3.776431038607016579e-04
3.767172212584744243e-04
3.757957555591814663e-04
3.748786805731625345e-04
3.739659703502143254e-04
3.730575991920203173e-04
3.721535416436851573e-04
3.712537724854978144e-04
3.703582667451948279e-04
3.694669996795379237e-04
3.685799467885412400e-04
3.676970837972697416e-04
3.668183866699810652e-04
3.659438315921358402e-04
3.650733949844244463e-04
3.642070534849998673e-04
3.633447839614506437e-04
3.624865635030134823e-04
3.616323694129147236e-04
3.607821792202469085e-04
3.599359706626513596e-04
3.590937217000694424e-04
3.582554104976159114e-04
3.574210154392305880e-04
3.565905151107742928e-04
3.557638883135758436e-04
3.549411140477124111e-04
3.541221715236070127e-04
3.533070401548077258e-04
3.524956995509174974e-04
3.516881295290507454e-04
3.508843100975879989e-04
3.500842214694013755e-04
3.492878440458159245e-04
3.484951584297287441e-04
3.477061454097586505e-04
3.469207859732742222e-04
3.461390612907298977e-04
3.453609527268444246e-04
3.445864418339285177e-04
3.438155103453546541e-04
3.430481401866229837e-04
3.422843134601016705e-04
3.415240124577937535e-04
3.407672196462522619e-04
3.400139176792460276e-04
3.392640893828703912e-04
3.385177177681149480e-04
3.377747860161421970e-04
3.370352774891088540e-04
3.362991757239920253e-04
3.355664644265692292e-04
3.348371274821099848e-04
3.341111489410597351e-04
3.333885130313401211e-04
3.326692041442059437e-04
3.319532068464437391e-04
3.312405058664211329e-04
3.305310861062024197e-04
3.298249326277253105e-04
3.291220306632861980e-04
3.284223656098373073e-04
3.277259230234541749e-04
3.270326886296750883e-04
3.263426483100730796e-04
3.256557881141326554e-04
3.249720942459850717e-04
3.242915530762058079e-04
3.236141511287001123e-04
3.229398750924313585e-04
3.222687118084725821e-04
3.216006482816457157e-04
3.209356716677415561e-04
3.202737692835728122e-04
3.196149286018522793e-04
3.189591372462091960e-04
3.183063830011216198e-04
3.176566537995238878e-04
3.170099377341937760e-04
3.163662230455039411e-04
3.157254981327439194e-04
3.150877515420182616e-04
3.144529719775040208e-04
3.138211482894948221e-04
3.131922694841736974e-04
3.125663247189365969e-04
3.119433032978435644e-04
3.113231946812922602e-04
3.107059884744215513e-04
3.100916744381605620e-04
3.094802424777779262e-04
3.088716826538676834e-04
3.082659851710531384e-04
3.076631403889084097e-04
3.070631388108015008e-04
3.064659710934174988e-04
3.058716280425093146e-04
3.052801006088276970e-04
3.046913798975201264e-04
3.041054571573412689e-04
3.035223237913872826e-04
3.029419713464466210e-04
3.023643915236635406e-04
3.017895761680619983e-04
3.012175172791333724e-04
3.006482070005168103e-04
3.000816376292479606e-04
2.995178016120068746e-04
2.989566915414884770e-04
2.983983001655718804e-04
2.978426203773569471e-04
2.972896452255823873e-04
2.967393679048108569e-04
2.961917817657993505e-04
2.956468803058233483e-04
2.951046571790119188e-04
2.945651061868106426e-04
2.940282212870583365e-04
2.934939965906867960e-04
2.929624263585871259e-04
2.924335050105804292e-04
2.919072271162700136e-04
2.913835874052183640e-04
2.908625807579395361e-04
2.903442022160341164e-04
2.898284469733430533e-04
2.893153103860305209e-04
2.888047879638887261e-04
2.882968753792460926e-04
2.877915684641735978e-04
2.872888632078489683e-04
2.867887557653747677e-04
2.862912424494865266e-04
2.857963197404974243e-04
2.853039842781482328e-04
2.848142328715417529e-04
2.843270624911360895e-04
2.838424702786407068e-04
2.833604535391819838e-04
2.828810097500758730e-04
2.824041365585819763e-04
2.819298317798020893e-04
2.814580934053938807e-04
2.809889195961418843e-04
2.805223086917394424e-04
2.800582592035276409e-04
2.795967698242459733e-04
2.791378394209421466e-04
2.786814670446953685e-04
2.782276519236863443e-04
2.777763934718830915e-04
2.773276912873900253e-04
2.768815451508938085e-04
2.764379550343498172e-04
2.759969210944318249e-04
2.755584436822211374e-04
2.751225233368346829e-04
2.746891607950983720e-04
2.742583569853441604e-04
2.738301130370696937e-04
2.734044302749026080e-04
2.729813102282487372e-04
2.725607546254427333e-04
2.721427654024119263e-04
2.717273447017609319e-04
2.713144948719550310e-04
2.709042184759887992e-04
2.704965182859717099e-04
2.700913972927222934e-04
2.696888587005440716e-04
2.692889059368203130e-04
2.688915426469503755e-04
2.684967727039497742e-04
2.681046002035752289e-04
2.677150294730147617e-04
2.673280650706176217e-04
2.669437117857703071e-04
2.665619746475721879e-04
2.661828589204265978e-04
2.658063701135927642e-04
2.654325139769715680e-04
2.650612965106567145e-04
2.646927239608980317e-04
2.643268028296514487e-04
2.639635398707200487e-04
2.636029420984949069e-04
2.632450167883517464e-04
2.628897714772426950e-04
2.625372139723844856e-04
2.621873523478766128e-04
2.618401949542330416e-04
2.614957504151754633e-04
2.611540276371491207e-04
2.608150358063151771e-04
2.604787843980483817e-04
2.601452831741125058e-04
2.598145421913960313e-04
2.594865718030202047e-04
2.591613826595814789e-04
2.588389857178550546e-04
2.585193922384263865e-04
2.582026137951359932e-04
2.578886622728735942e-04
2.575775498770042720e-04
2.572692891313491451e-04
2.569638928875628498e-04
2.566613743233006964e-04
2.563617469508754814e-04
2.560650246189794714e-04
2.557712215145453282e-04
2.554803521713272974e-04
2.551924314684763501e-04
2.549074746397670147e-04
2.546254972723149823e-04
2.543465153157470175e-04
2.540705450810665580e-04
2.537976032497492491e-04
2.535277068727553981e-04
2.532608733789340591e-04
2.529971205771903531e-04
2.527364666587722129e-04
2.524789302055177468e-04
2.522245301891846590e-04
2.519732859801988400e-04
2.517252173470838593e-04
2.514803444650838419e-04
2.512386879156891300e-04
2.510002686951099738e-04
2.507651082138848630e-04
2.505332283046711158e-04
2.503046512245276126e-04
2.500793996573050281e-04
2.498574967211433058e-04
2.496389659681959999e-04
2.494238313924632567e-04
2.492121174295302503e-04
2.490038489641571403e-04
2.487990513300265068e-04
2.485977503170580831e-04
2.483999721711396564e-04
2.482057436007114280e-04
2.480150917786268835e-04
2.478280443440686862e-04
2.476446294086203726e-04
2.474648755558208528e-04
2.472888118473205114e-04
2.471164678223151446e-04
2.469478735032986836e-04
2.467830593953403563e-04
2.466220564913925079e-04
2.464648962713794915e-04
2.463116107066879996e-04
2.461622322607343732e-04
2.460167938895081664e-04
2.458753290452381592e-04
2.457378716748264986e-04
2.456044562232852398e-04
2.454751176318390469e-04
2.453498913407112670e-04
2.452288132868629352e-04
2.451119199060685337e-04
2.449992481302298267e-04
2.448908353886994002e-04
2.447867196051195624e-04
2.446869391977098194e-04
2.445915330766805116e-04
2.445005406414515092e-04
2.444140017795901824e-04
2.443319568622136792e-04
2.442544467421879574e-04
2.441815127488535203e-04
2.441131966851851323e-04
2.440495408217772618e-04
2.439905878928954979e-04
2.439363810896398696e-04
2.438869640547202116e-04
2.438423808752718063e-04
2.438026760753222121e-04
2.437678946086209734e-04
2.437380818494724476e-04
2.437132835843191972e-04
2.436935460015218400e-04
2.436789156814772237e-04
2.436694395852662327e-04
2.436651650432287367e-04
2.436661397424057652e-04
2.436724117135038461e-04
2.436840293169449559e-04
2.437010412283585939e-04
2.437234964229240597e-04
2.437514441594395111e-04
2.437849339628354645e-04
2.438240156067505808e-04
2.438687390941184844e-04
2.439191546381771483e-04
2.439753126410421319e-04
2.440372636730751084e-04
2.441050584495207173e-04
2.441787478073397118e-04
2.442583826813076679e-04
2.443440140773145267e-04
2.444356930472868636e-04
2.445334706600599825e-04
2.446373979743991182e-04
2.447475260074853643e-04
2.448639057059699697e-04
2.449865879120059048e-04
2.451156233322739943e-04
2.452510625018047711e-04
2.453929557493395182e-04
2.455413531617550477e-04
2.456963045439777100e-04
2.458578593826718376e-04
2.460260668032174095e-04
2.462009755311795668e-04
2.463826338465834151e-04
2.465710895431557216e-04
2.467663898798451395e-04
2.469685815378117456e-04
2.471777105696631224e-04
2.473938223517588948e-04
2.476169615355238731e-04
2.478471719924942355e-04
2.480844967656248160e-04
2.483289780110898909e-04
2.485806569473531067e-04
2.488395737942136884e-04
2.491057677196500128e-04
2.493792767761419211e-04
2.496601378453482730e-04
2.499483865724225098e-04
2.502440573052520673e-04
2.505471830328482078e-04
2.508577953157477215e-04
2.511759242255690895e-04
2.515015982723184081e-04
2.518348443420648404e-04
2.521756876218893230e-04
2.525241515358186799e-04
2.528802576675350184e-04
2.532440256947211614e-04
2.536154733105495571e-04
2.539946161523232897e-04
2.543814677296427529e-04
2.547760393430898904e-04
2.551783400153494826e-04
2.555883764074880302e-04
2.560061527491447960e-04
2.564316707534600973e-04
2.568649295465921367e-04
2.573059255815333371e-04
2.577546525672301373e-04
2.582111013826089035e-04
2.586752600003464336e-04
2.591471134108755165e-04
2.596266435357083894e-04
2.601138291568508938e-04
2.606086458290843397e-04
2.611110658100931751e-04
2.616210579730556310e-04
2.621385877378475159e-04
2.626636169843433923e-04
2.631961039850614931e-04
2.637360033195747960e-04
2.642832658090213090e-04
2.648378384332942810e-04
2.653996642614897647e-04
2.659686823838015358e-04
2.665448278318048028e-04
2.671280315194826021e-04
2.677182201649315474e-04
2.683153162347816150e-04
2.689192378690305756e-04
2.695298988293297728e-04
2.701472084274374056e-04
2.707710714778600349e-04
2.714013882318477107e-04
2.720380543276811882e-04
2.726809607436994111e-04
2.733299937393860249e-04
2.739850348210196300e-04
2.746459606867198019e-04
2.753126431981796091e-04
2.759849493315776016e-04
2.766627411558662819e-04
2.773458757900730803e-04
2.780342053886190098e-04
2.787275771070892114e-04
2.794258330871319694e-04
2.801288104454402895e-04
2.808363412506892387e-04
2.815482525284817498e-04
2.822643662447922586e-04
2.829844993195263316e-04
2.837084636184534982e-04
2.844360659757741590e-04
2.851671081949900383e-04
2.859013870808241255e-04
2.866386944510871597e-04
2.873788171699411149e-04
2.881215371862023826e-04
2.888666315598056281e-04
2.896138725185977165e-04
2.903630274932566114e-04
2.911138591845172769e-04
2.918661256084489897e-04
2.926195801743118976e-04
2.933739717404299690e-04
2.941290447028090701e-04
2.948845390634878896e-04
2.956401905214380444e-04
2.963957305689622298e-04
2.971508865763337090e-04
2.979053819076971999e-04
2.986589360149269562e-04
2.994112645643977571e-04
3.001620795417450746e-04
3.009110893894174779e-04
3.016579991222394664e-04
3.024025104755739303e-04
3.031443220332206024e-04
3.038831293775490021e-04
3.046186252446395808e-04
3.053504996677412330e-04
3.060784401508219238e-04
3.068021318203044629e-04
3.075212576081164237e-04
3.082354984130465311e-04
3.089445332928476146e-04
3.096480396347274532e-04
3.103456933559887369e-04
3.110371690847159656e-04
3.117221403605277877e-04
3.124002798389330089e-04
3.130712594838834344e-04
3.137347507869973256e-04
3.143904249656137551e-04
3.150379531881991059e-04
3.156770067787206986e-04
3.163072574474495814e-04
3.169283775009020237e-04
3.175400400771460278e-04
3.181419193618129451e-04
3.187336908202629995e-04
3.193150314309433258e-04
3.198856199068652651e-04
3.204451369381570883e-04
3.209932654145750239e-04
3.215296906691984054e-04
3.220541007024014992e-04
3.225661864256692689e-04
3.230656418859896573e-04
3.235521645087234923e-04
3.240254553214171008e-04
3.244852191945969970e-04
3.249311650649396184e-04
3.253630061679367211e-04
3.257804602682559778e-04
3.261832498784866265e-04
3.265711024899898033e-04
3.269437507862797210e-04
3.273009328679243879e-04
3.276423924605517462e-04
3.279678791327427585e-04
3.282771484975927231e-04
3.285699624225132303e-04
3.288460892239321049e-04
3.291053038649018286e-04
3.293473881473556360e-04
3.295721308938264664e-04
3.297793281324621619e-04
3.299687832681789230e-04
3.301403072560243142e-04
3.302937187615294107e-04
3.304288443215463956e-04
3.305455184929470503e-04
3.306435840000572827e-04
3.307228918710531751e-04
3.307833015704567787e-04
3.308246811238216398e-04
3.308469072341723187e-04
3.308498653927035454e-04
3.308334499807767562e-04
3.307975643648101722e-04
3.307421209835630376e-04
3.306670414266225867e-04
3.305722565065467486e-04
3.304577063204939928e-04
3.303233403064798155e-04
3.301691172894831959e-04
3.299950055184223898e-04
3.298009826985717611e-04
3.295870360097973581e-04
3.293531621230424240e-04
3.290993672008829963e-04
3.288256668977752677e-04
3.285320863428861063e-04
3.282186601241065486e-04
3.278854322532490182e-04
