1.770973205566406250e-03
1.774787902832031250e-03
1.777648925781250000e-03
1.780509948730468750e-03
1.783370971679687500e-03
1.786231994628906250e-03
1.789093017578125000e-03
1.791954040527343750e-03
1.794815063476562500e-03
1.798629760742187500e-03
1.801490783691406250e-03
1.804351806640625000e-03
1.807212829589843750e-03
1.810073852539062500e-03
1.812934875488281250e-03
1.816749572753906250e-03
1.819610595703125000e-03
1.822471618652343750e-03
1.825332641601562500e-03
1.829147338867187500e-03
1.832008361816406250e-03
1.834869384765625000e-03
1.837730407714843750e-03
1.841545104980468750e-03
1.844406127929687500e-03
1.847267150878906250e-03
1.850128173828125000e-03
1.853942871093750000e-03
1.856803894042968750e-03
1.859664916992187500e-03
1.863479614257812500e-03
1.866340637207031250e-03
1.869201660156250000e-03
1.873016357421875000e-03
1.875877380371093750e-03
1.879692077636718750e-03
1.882553100585937500e-03
1.885414123535156250e-03
1.889228820800781250e-03
1.892089843750000000e-03
1.894950866699218750e-03
1.898765563964843750e-03
1.901626586914062500e-03
1.905441284179687500e-03
1.908302307128906250e-03
1.912117004394531250e-03
1.914978027343750000e-03
1.918792724609375000e-03
1.921653747558593750e-03
1.925468444824218750e-03
1.928329467773437500e-03
1.932144165039062500e-03
1.935005187988281250e-03
1.938819885253906250e-03
1.941680908203125000e-03
1.945495605468750000e-03
1.948356628417968750e-03
1.952171325683593750e-03
1.955032348632812500e-03
1.958847045898437500e-03
1.962661743164062500e-03
1.966476440429687500e-03
1.970291137695312500e-03
1.972198486328125000e-03
1.976013183593750000e-03
1.979827880859375000e-03
1.983642578125000000e-03
1.987457275390625000e-03
1.989364624023437500e-03
1.993179321289062500e-03
1.996994018554687500e-03
2.000808715820312500e-03
2.004623413085937500e-03
2.008438110351562500e-03
2.012252807617187500e-03
2.014160156250000000e-03
2.017974853515625000e-03
2.021789550781250000e-03
2.025604248046875000e-03
2.029418945312500000e-03
2.033233642578125000e-03
2.037048339843750000e-03
2.040863037109375000e-03
2.044677734375000000e-03
2.048492431640625000e-03
2.052307128906250000e-03
2.054214477539062500e-03
2.058029174804687500e-03
2.061843872070312500e-03
2.065658569335937500e-03
2.069473266601562500e-03
2.073287963867187500e-03
2.077102661132812500e-03
2.080917358398437500e-03
2.084732055664062500e-03
2.088546752929687500e-03
2.092361450195312500e-03
2.096176147460937500e-03
2.099990844726562500e-03
2.103805541992187500e-03
2.107620239257812500e-03
2.111434936523437500e-03
2.115249633789062500e-03
2.119064331054687500e-03
2.122879028320312500e-03
2.126693725585937500e-03
2.130508422851562500e-03
2.134323120117187500e-03
2.138137817382812500e-03
2.141952514648437500e-03
2.147674560546875000e-03
2.151489257812500000e-03
2.155303955078125000e-03
2.159118652343750000e-03
2.162933349609375000e-03
2.166748046875000000e-03
2.170562744140625000e-03
2.174377441406250000e-03
2.178192138671875000e-03
2.182006835937500000e-03
2.185821533203125000e-03
2.191543579101562500e-03
2.195358276367187500e-03
2.199172973632812500e-03
2.202987670898437500e-03
2.206802368164062500e-03
2.210617065429687500e-03
2.216339111328125000e-03
2.220153808593750000e-03
2.223968505859375000e-03
2.227783203125000000e-03
2.231597900390625000e-03
2.235412597656250000e-03
2.241134643554687500e-03
2.244949340820312500e-03
2.248764038085937500e-03
2.252578735351562500e-03
2.258300781250000000e-03
2.262115478515625000e-03
2.265930175781250000e-03
2.269744873046875000e-03
2.275466918945312500e-03
2.279281616210937500e-03
2.283096313476562500e-03
2.286911010742187500e-03
2.292633056640625000e-03
2.296447753906250000e-03
2.300262451171875000e-03
2.305984497070312500e-03
2.309799194335937500e-03
2.313613891601562500e-03
2.319335937500000000e-03
2.323150634765625000e-03
2.326965332031250000e-03
2.332687377929687500e-03
2.336502075195312500e-03
2.340316772460937500e-03
2.346038818359375000e-03
2.349853515625000000e-03
2.353668212890625000e-03
2.359390258789062500e-03
2.363204956054687500e-03
2.368927001953125000e-03
2.372741699218750000e-03
2.376556396484375000e-03
2.382278442382812500e-03
2.386093139648437500e-03
2.391815185546875000e-03
2.395629882812500000e-03
2.401351928710937500e-03
2.405166625976562500e-03
2.410888671875000000e-03
2.414703369140625000e-03
2.420425415039062500e-03
2.424240112304687500e-03
2.429962158203125000e-03
2.433776855468750000e-03
2.439498901367187500e-03
2.443313598632812500e-03
2.449035644531250000e-03
2.452850341796875000e-03
2.458572387695312500e-03
2.462387084960937500e-03
2.468109130859375000e-03
2.471923828125000000e-03
2.477645874023437500e-03
2.483367919921875000e-03
2.487182617187500000e-03
2.492904663085937500e-03
2.496719360351562500e-03
2.502441406250000000e-03
2.508163452148437500e-03
2.511978149414062500e-03
2.517700195312500000e-03
2.523422241210937500e-03
2.527236938476562500e-03
2.532958984375000000e-03
2.538681030273437500e-03
2.542495727539062500e-03
2.548217773437500000e-03
2.553939819335937500e-03
2.557754516601562500e-03
2.563476562500000000e-03
2.569198608398437500e-03
2.574920654296875000e-03
2.578735351562500000e-03
2.584457397460937500e-03
2.590179443359375000e-03
2.595901489257812500e-03
2.599716186523437500e-03
2.605438232421875000e-03
2.611160278320312500e-03
2.616882324218750000e-03
2.622604370117187500e-03
2.626419067382812500e-03
2.632141113281250000e-03
2.637863159179687500e-03
2.643585205078125000e-03
2.649307250976562500e-03
2.655029296875000000e-03
2.658843994140625000e-03
2.664566040039062500e-03
2.670288085937500000e-03
2.676010131835937500e-03
2.681732177734375000e-03
2.687454223632812500e-03
2.693176269531250000e-03
2.698898315429687500e-03
2.704620361328125000e-03
2.710342407226562500e-03
2.716064453125000000e-03
2.721786499023437500e-03
2.727508544921875000e-03
2.733230590820312500e-03
2.738952636718750000e-03
2.744674682617187500e-03
2.750396728515625000e-03
2.756118774414062500e-03
2.761840820312500000e-03
2.767562866210937500e-03
2.773284912109375000e-03
2.779006958007812500e-03
2.784729003906250000e-03
2.790451049804687500e-03
2.796173095703125000e-03
2.803802490234375000e-03
2.809524536132812500e-03
2.815246582031250000e-03
2.820968627929687500e-03
2.826690673828125000e-03
2.832412719726562500e-03
2.838134765625000000e-03
2.845764160156250000e-03
2.851486206054687500e-03
2.857208251953125000e-03
2.862930297851562500e-03
2.870559692382812500e-03
2.876281738281250000e-03
2.882003784179687500e-03
2.887725830078125000e-03
2.895355224609375000e-03
2.901077270507812500e-03
2.906799316406250000e-03
2.912521362304687500e-03
2.920150756835937500e-03
2.925872802734375000e-03
2.933502197265625000e-03
2.939224243164062500e-03
2.944946289062500000e-03
2.952575683593750000e-03
2.958297729492187500e-03
2.964019775390625000e-03
2.971649169921875000e-03
2.977371215820312500e-03
2.985000610351562500e-03
2.990722656250000000e-03
2.998352050781250000e-03
3.004074096679687500e-03
3.011703491210937500e-03
3.017425537109375000e-03
3.025054931640625000e-03
3.030776977539062500e-03
3.038406372070312500e-03
3.044128417968750000e-03
3.051757812500000000e-03
3.057479858398437500e-03
3.065109252929687500e-03
3.070831298828125000e-03
3.078460693359375000e-03
3.086090087890625000e-03
3.091812133789062500e-03
3.099441528320312500e-03
3.107070922851562500e-03
3.112792968750000000e-03
3.120422363281250000e-03
3.128051757812500000e-03
3.133773803710937500e-03
3.141403198242187500e-03
3.149032592773437500e-03
3.156661987304687500e-03
3.162384033203125000e-03
3.170013427734375000e-03
3.177642822265625000e-03
3.185272216796875000e-03
3.192901611328125000e-03
3.198623657226562500e-03
3.206253051757812500e-03
3.213882446289062500e-03
3.221511840820312500e-03
3.229141235351562500e-03
3.236770629882812500e-03
3.244400024414062500e-03
3.252029418945312500e-03
3.259658813476562500e-03
3.265380859375000000e-03
3.273010253906250000e-03
3.280639648437500000e-03
3.288269042968750000e-03
3.295898437500000000e-03
3.303527832031250000e-03
3.311157226562500000e-03
3.320693969726562500e-03
3.328323364257812500e-03
3.335952758789062500e-03
3.343582153320312500e-03
3.351211547851562500e-03
3.358840942382812500e-03
3.366470336914062500e-03
3.374099731445312500e-03
3.381729125976562500e-03
3.391265869140625000e-03
3.398895263671875000e-03
3.406524658203125000e-03
3.414154052734375000e-03
3.423690795898437500e-03
3.431320190429687500e-03
3.438949584960937500e-03
3.446578979492187500e-03
3.456115722656250000e-03
3.463745117187500000e-03
3.471374511718750000e-03
3.480911254882812500e-03
3.488540649414062500e-03
3.498077392578125000e-03
3.505706787109375000e-03
3.513336181640625000e-03
3.522872924804687500e-03
3.530502319335937500e-03
3.540039062500000000e-03
3.547668457031250000e-03
3.557205200195312500e-03
3.564834594726562500e-03
3.574371337890625000e-03
3.582000732421875000e-03
3.591537475585937500e-03
3.601074218750000000e-03
3.608703613281250000e-03
3.618240356445312500e-03
3.625869750976562500e-03
3.635406494140625000e-03
3.644943237304687500e-03
3.654479980468750000e-03
3.662109375000000000e-03
3.671646118164062500e-03
3.681182861328125000e-03
3.688812255859375000e-03
3.698348999023437500e-03
3.707885742187500000e-03
3.717422485351562500e-03
3.726959228515625000e-03
3.736495971679687500e-03
3.746032714843750000e-03
3.753662109375000000e-03
3.763198852539062500e-03
3.772735595703125000e-03
3.782272338867187500e-03
3.791809082031250000e-03
3.801345825195312500e-03
3.810882568359375000e-03
3.820419311523437500e-03
3.829956054687500000e-03
3.839492797851562500e-03
3.849029541015625000e-03
3.860473632812500000e-03
3.870010375976562500e-03
3.879547119140625000e-03
3.889083862304687500e-03
3.898620605468750000e-03
3.910064697265625000e-03
3.917694091796875000e-03
3.929138183593750000e-03
3.940582275390625000e-03
3.948211669921875000e-03
3.959655761718750000e-03
3.971099853515625000e-03
3.978729248046875000e-03
3.990173339843750000e-03
4.001617431640625000e-03
4.009246826171875000e-03
4.020690917968750000e-03
4.032135009765625000e-03
4.043579101562500000e-03
4.051208496093750000e-03
4.062652587890625000e-03
4.074096679687500000e-03
4.085540771484375000e-03
4.096984863281250000e-03
4.104614257812500000e-03
4.116058349609375000e-03
4.127502441406250000e-03
4.138946533203125000e-03
4.150390625000000000e-03
4.161834716796875000e-03
4.169464111328125000e-03
4.180908203125000000e-03
4.192352294921875000e-03
4.203796386718750000e-03
4.215240478515625000e-03
4.226684570312500000e-03
4.238128662109375000e-03
4.249572753906250000e-03
4.261016845703125000e-03
4.272460937500000000e-03
4.283905029296875000e-03
4.295349121093750000e-03
4.306793212890625000e-03
4.318237304687500000e-03
4.329681396484375000e-03
4.341125488281250000e-03
4.352569580078125000e-03
4.364013671875000000e-03
4.375457763671875000e-03
4.390716552734375000e-03
4.402160644531250000e-03
4.413604736328125000e-03
4.425048828125000000e-03
4.436492919921875000e-03
4.447937011718750000e-03
4.463195800781250000e-03
4.474639892578125000e-03
4.486083984375000000e-03
4.497528076171875000e-03
4.512786865234375000e-03
4.524230957031250000e-03
4.535675048828125000e-03
4.547119140625000000e-03
4.562377929687500000e-03
4.573822021484375000e-03
4.585266113281250000e-03
4.600524902343750000e-03
4.611968994140625000e-03
4.623413085937500000e-03
4.638671875000000000e-03
4.650115966796875000e-03
4.665374755859375000e-03
4.676818847656250000e-03
4.692077636718750000e-03
4.703521728515625000e-03
4.718780517578125000e-03
4.730224609375000000e-03
4.745483398437500000e-03
4.756927490234375000e-03
4.772186279296875000e-03
4.783630371093750000e-03
4.798889160156250000e-03
4.810333251953125000e-03
4.825592041015625000e-03
4.840850830078125000e-03
4.852294921875000000e-03
4.867553710937500000e-03
4.882812500000000000e-03
4.894256591796875000e-03
4.909515380859375000e-03
4.924774169921875000e-03
4.940032958984375000e-03
4.951477050781250000e-03
4.966735839843750000e-03
4.981994628906250000e-03
4.997253417968750000e-03
5.008697509765625000e-03
5.023956298828125000e-03
5.039215087890625000e-03
5.054473876953125000e-03
5.069732666015625000e-03
5.084991455078125000e-03
5.100250244140625000e-03
5.115509033203125000e-03
5.130767822265625000e-03
5.146026611328125000e-03
5.161285400390625000e-03
5.176544189453125000e-03
5.191802978515625000e-03
5.207061767578125000e-03
5.222320556640625000e-03
5.237579345703125000e-03
5.252838134765625000e-03
5.268096923828125000e-03
5.283355712890625000e-03
5.302429199218750000e-03
5.317687988281250000e-03
5.332946777343750000e-03
5.348205566406250000e-03
5.367279052734375000e-03
5.382537841796875000e-03
5.397796630859375000e-03
5.413055419921875000e-03
5.432128906250000000e-03
5.447387695312500000e-03
5.466461181640625000e-03
5.481719970703125000e-03
5.496978759765625000e-03
5.516052246093750000e-03
5.531311035156250000e-03
5.550384521484375000e-03
5.565643310546875000e-03
5.584716796875000000e-03
5.599975585937500000e-03
5.619049072265625000e-03
5.634307861328125000e-03
5.653381347656250000e-03
5.672454833984375000e-03
5.687713623046875000e-03
5.706787109375000000e-03
5.725860595703125000e-03
5.741119384765625000e-03
5.760192871093750000e-03
5.779266357421875000e-03
5.798339843750000000e-03
5.817413330078125000e-03
5.832672119140625000e-03
5.851745605468750000e-03
5.870819091796875000e-03
5.889892578125000000e-03
5.908966064453125000e-03
5.928039550781250000e-03
5.947113037109375000e-03
5.966186523437500000e-03
5.985260009765625000e-03
6.004333496093750000e-03
6.023406982421875000e-03
6.042480468750000000e-03
6.061553955078125000e-03
6.084442138671875000e-03
6.103515625000000000e-03
6.122589111328125000e-03
6.141662597656250000e-03
6.164550781250000000e-03
6.183624267578125000e-03
6.202697753906250000e-03
6.225585937500000000e-03
6.244659423828125000e-03
6.263732910156250000e-03
6.286621093750000000e-03
6.305694580078125000e-03
6.328582763671875000e-03
6.347656250000000000e-03
6.370544433593750000e-03
6.389617919921875000e-03
6.412506103515625000e-03
6.435394287109375000e-03
6.454467773437500000e-03
6.477355957031250000e-03
6.500244140625000000e-03
6.519317626953125000e-03
6.542205810546875000e-03
6.565093994140625000e-03
6.587982177734375000e-03
6.610870361328125000e-03
6.633758544921875000e-03
6.656646728515625000e-03
6.679534912109375000e-03
6.702423095703125000e-03
6.725311279296875000e-03
6.748199462890625000e-03
6.771087646484375000e-03
6.793975830078125000e-03
6.816864013671875000e-03
6.839752197265625000e-03
6.862640380859375000e-03
6.889343261718750000e-03
6.912231445312500000e-03
6.935119628906250000e-03
6.961822509765625000e-03
6.984710693359375000e-03
7.007598876953125000e-03
7.034301757812500000e-03
7.057189941406250000e-03
7.083892822265625000e-03
7.110595703125000000e-03
7.133483886718750000e-03
7.160186767578125000e-03
7.183074951171875000e-03
7.209777832031250000e-03
7.236480712890625000e-03
7.263183593750000000e-03
7.289886474609375000e-03
7.312774658203125000e-03
7.339477539062500000e-03
7.366180419921875000e-03
7.392883300781250000e-03
7.419586181640625000e-03
7.446289062500000000e-03
7.472991943359375000e-03
7.503509521484375000e-03
7.530212402343750000e-03
7.556915283203125000e-03
7.583618164062500000e-03
7.614135742187500000e-03
7.640838623046875000e-03
7.667541503906250000e-03
7.698059082031250000e-03
7.724761962890625000e-03
7.755279541015625000e-03
7.781982421875000000e-03
7.812500000000000000e-03
7.843017578125000000e-03
7.873535156250000000e-03
7.896423339843750000e-03
7.926940917968750000e-03
7.957458496093750000e-03
7.987976074218750000e-03
8.018493652343750000e-03
8.049011230468750000e-03
8.079528808593750000e-03
8.110046386718750000e-03
8.140563964843750000e-03
8.171081542968750000e-03
8.201599121093750000e-03
8.232116699218750000e-03
8.270263671875000000e-03
8.300781250000000000e-03
8.331298828125000000e-03
8.361816406250000000e-03
8.392333984375000000e-03
8.430480957031250000e-03
8.460998535156250000e-03
8.491516113281250000e-03
8.529663085937500000e-03
8.560180664062500000e-03
8.590698242187500000e-03
8.628845214843750000e-03
8.659362792968750000e-03
8.697509765625000000e-03
8.728027343750000000e-03
8.766174316406250000e-03
8.796691894531250000e-03
8.834838867187500000e-03
8.872985839843750000e-03
8.903503417968750000e-03
8.941650390625000000e-03
8.979797363281250000e-03
9.010314941406250000e-03
9.048461914062500000e-03
9.086608886718750000e-03
9.124755859375000000e-03
9.162902832031250000e-03
9.201049804687500000e-03
9.239196777343750000e-03
9.269714355468750000e-03
9.307861328125000000e-03
9.346008300781250000e-03
9.384155273437500000e-03
9.429931640625000000e-03
9.468078613281250000e-03
9.506225585937500000e-03
9.544372558593750000e-03
9.582519531250000000e-03
9.620666503906250000e-03
9.666442871093750000e-03
9.704589843750000000e-03
9.742736816406250000e-03
9.788513183593750000e-03
9.826660156250000000e-03
9.872436523437500000e-03
9.910583496093750000e-03
9.956359863281250000e-03
9.994506835937500000e-03
1.004028320312500000e-02
1.007843017578125000e-02
1.012420654296875000e-02
1.016998291015625000e-02
1.021575927734375000e-02
1.025390625000000000e-02
1.029968261718750000e-02
1.034545898437500000e-02
1.039123535156250000e-02
1.043701171875000000e-02
1.048278808593750000e-02
1.052856445312500000e-02
1.057434082031250000e-02
1.062011718750000000e-02
1.066589355468750000e-02
1.071166992187500000e-02
1.076507568359375000e-02
1.081085205078125000e-02
1.085662841796875000e-02
1.090240478515625000e-02
1.095581054687500000e-02
1.100158691406250000e-02
1.105499267578125000e-02
1.110076904296875000e-02
1.115417480468750000e-02
1.119995117187500000e-02
1.125335693359375000e-02
1.130676269531250000e-02
1.136016845703125000e-02
1.140594482421875000e-02
1.145935058593750000e-02
1.151275634765625000e-02
1.156616210937500000e-02
1.161956787109375000e-02
1.167297363281250000e-02
1.172637939453125000e-02
1.178741455078125000e-02
1.184082031250000000e-02
1.189422607421875000e-02
1.194763183593750000e-02
1.200866699218750000e-02
1.206207275390625000e-02
1.212310791015625000e-02
1.217651367187500000e-02
1.223754882812500000e-02
1.229095458984375000e-02
1.235198974609375000e-02
1.241302490234375000e-02
1.247406005859375000e-02
1.252746582031250000e-02
1.258850097656250000e-02
1.264953613281250000e-02
1.271057128906250000e-02
1.277160644531250000e-02
1.284027099609375000e-02
1.290130615234375000e-02
1.296234130859375000e-02
1.303100585937500000e-02
1.309204101562500000e-02
1.315307617187500000e-02
1.322174072265625000e-02
1.329040527343750000e-02
1.335144042968750000e-02
1.342010498046875000e-02
1.348876953125000000e-02
1.355743408203125000e-02
1.362609863281250000e-02
1.369476318359375000e-02
1.376342773437500000e-02
1.383209228515625000e-02
1.390075683593750000e-02
1.396942138671875000e-02
1.404571533203125000e-02
1.411437988281250000e-02
1.419067382812500000e-02
1.425933837890625000e-02
1.433563232421875000e-02
1.441192626953125000e-02
1.448822021484375000e-02
1.456451416015625000e-02
1.463317871093750000e-02
1.471710205078125000e-02
1.479339599609375000e-02
1.486968994140625000e-02
1.494598388671875000e-02
1.502990722656250000e-02
1.510620117187500000e-02
1.519012451171875000e-02
1.526641845703125000e-02
1.535034179687500000e-02
1.543426513671875000e-02
1.551818847656250000e-02
1.560211181640625000e-02
1.568603515625000000e-02
1.577758789062500000e-02
1.585388183593750000e-02
1.594543457031250000e-02
1.603698730468750000e-02
1.611328125000000000e-02
1.620483398437500000e-02
1.629638671875000000e-02
1.638793945312500000e-02
1.647949218750000000e-02
1.657104492187500000e-02
1.666259765625000000e-02
1.675415039062500000e-02
1.686096191406250000e-02
1.695251464843750000e-02
1.704406738281250000e-02
1.715087890625000000e-02
1.724243164062500000e-02
1.733398437500000000e-02
1.744079589843750000e-02
1.754760742187500000e-02
1.763916015625000000e-02
1.774597167968750000e-02
1.785278320312500000e-02
1.794433593750000000e-02
1.805114746093750000e-02
1.815795898437500000e-02
1.826477050781250000e-02
1.837158203125000000e-02
1.849365234375000000e-02
1.860046386718750000e-02
1.870727539062500000e-02
1.881408691406250000e-02
1.893615722656250000e-02
1.904296875000000000e-02
1.916503906250000000e-02
1.927185058593750000e-02
1.939392089843750000e-02
1.951599121093750000e-02
1.963806152343750000e-02
1.976013183593750000e-02
1.988220214843750000e-02
2.000427246093750000e-02
2.012634277343750000e-02
2.024841308593750000e-02
2.037048339843750000e-02
2.050781250000000000e-02
2.062988281250000000e-02
2.076721191406250000e-02
2.088928222656250000e-02
2.102661132812500000e-02
2.116394042968750000e-02
2.128601074218750000e-02
2.142333984375000000e-02
2.156066894531250000e-02
2.171325683593750000e-02
2.185058593750000000e-02
2.198791503906250000e-02
2.214050292968750000e-02
2.227783203125000000e-02
2.243041992187500000e-02
2.256774902343750000e-02
2.272033691406250000e-02
2.287292480468750000e-02
2.302551269531250000e-02
2.317810058593750000e-02
2.333068847656250000e-02
2.348327636718750000e-02
2.365112304687500000e-02
2.380371093750000000e-02
2.397155761718750000e-02
2.413940429687500000e-02
2.430725097656250000e-02
2.445983886718750000e-02
2.464294433593750000e-02
2.481079101562500000e-02
2.497863769531250000e-02
2.514648437500000000e-02
2.532958984375000000e-02
2.551269531250000000e-02
2.568054199218750000e-02
2.586364746093750000e-02
2.604675292968750000e-02
2.624511718750000000e-02
2.642822265625000000e-02
2.661132812500000000e-02
2.680969238281250000e-02
2.700805664062500000e-02
2.719116210937500000e-02
2.738952636718750000e-02
2.760314941406250000e-02
2.780151367187500000e-02
2.799987792968750000e-02
2.821350097656250000e-02
2.842712402343750000e-02
2.862548828125000000e-02
2.883911132812500000e-02
2.906799316406250000e-02
2.928161621093750000e-02
2.951049804687500000e-02
2.972412109375000000e-02
2.995300292968750000e-02
3.018188476562500000e-02
3.041076660156250000e-02
3.065490722656250000e-02
3.088378906250000000e-02
3.112792968750000000e-02
3.137207031250000000e-02
3.161621093750000000e-02
3.186035156250000000e-02
3.213500976562500000e-02
3.237915039062500000e-02
3.262329101562500000e-02
3.289794921875000000e-02
3.317260742187500000e-02
3.341674804687500000e-02
3.369140625000000000e-02
3.396606445312500000e-02
3.424072265625000000e-02
3.454589843750000000e-02
3.482055664062500000e-02
3.509521484375000000e-02
3.540039062500000000e-02
3.570556640625000000e-02
3.598022460937500000e-02
3.628540039062500000e-02
3.659057617187500000e-02
3.689575195312500000e-02
3.723144531250000000e-02
3.753662109375000000e-02
3.787231445312500000e-02
3.817749023437500000e-02
3.851318359375000000e-02
3.884887695312500000e-02
3.918457031250000000e-02
3.955078125000000000e-02
3.988647460937500000e-02
4.025268554687500000e-02
4.058837890625000000e-02
4.095458984375000000e-02
4.132080078125000000e-02
4.171752929687500000e-02
4.208374023437500000e-02
4.244995117187500000e-02
4.284667968750000000e-02
4.324340820312500000e-02
4.364013671875000000e-02
4.403686523437500000e-02
4.446411132812500000e-02
4.486083984375000000e-02
4.528808593750000000e-02
4.571533203125000000e-02
4.614257812500000000e-02
4.660034179687500000e-02
4.702758789062500000e-02
4.748535156250000000e-02
4.794311523437500000e-02
4.840087890625000000e-02
4.885864257812500000e-02
4.934692382812500000e-02
4.983520507812500000e-02
5.032348632812500000e-02
5.081176757812500000e-02
5.133056640625000000e-02
5.184936523437500000e-02
5.236816406250000000e-02
5.288696289062500000e-02
5.340576171875000000e-02
5.395507812500000000e-02
5.450439453125000000e-02
5.508422851562500000e-02
5.563354492187500000e-02
5.621337890625000000e-02
5.679321289062500000e-02
5.740356445312500000e-02
5.798339843750000000e-02
5.859375000000000000e-02
5.923461914062500000e-02
5.984497070312500000e-02
6.048583984375000000e-02
6.115722656250000000e-02
6.179809570312500000e-02
6.246948242187500000e-02
6.317138671875000000e-02
6.384277343750000000e-02
6.451416015625000000e-02
6.524658203125000000e-02
6.597900390625000000e-02
6.671142578125000000e-02
6.744384765625000000e-02
6.817626953125000000e-02
6.896972656250000000e-02
6.976318359375000000e-02
7.055664062500000000e-02
7.135009765625000000e-02
7.214355468750000000e-02
7.299804687500000000e-02
7.385253906250000000e-02
7.470703125000000000e-02
7.556152343750000000e-02
7.641601562500000000e-02
7.733154296875000000e-02
7.824707031250000000e-02
7.916259765625000000e-02
8.013916015625000000e-02
8.105468750000000000e-02
8.203125000000000000e-02
8.300781250000000000e-02
8.404541015625000000e-02
8.502197265625000000e-02
8.605957031250000000e-02
8.715820312500000000e-02
8.819580078125000000e-02
8.929443359375000000e-02
9.039306640625000000e-02
9.149169921875000000e-02
9.265136718750000000e-02
9.375000000000000000e-02
9.497070312500000000e-02
9.613037109375000000e-02
9.735107421875000000e-02
9.857177734375000000e-02
9.979248046875000000e-02
1.010742187500000000e-01
1.023559570312500000e-01
1.036376953125000000e-01
1.049804687500000000e-01
1.063232421875000000e-01
1.077270507812500000e-01
1.090698242187500000e-01
1.104736328125000000e-01
1.119384765625000000e-01
1.133422851562500000e-01
1.148071289062500000e-01
1.163330078125000000e-01
1.178588867187500000e-01
1.193847656250000000e-01
1.209106445312500000e-01
1.224975585937500000e-01
1.240844726562500000e-01
1.257324218750000000e-01
1.274414062500000000e-01
1.290283203125000000e-01
1.307373046875000000e-01
1.324462890625000000e-01
1.341552734375000000e-01
1.359863281250000000e-01
1.376953125000000000e-01
1.395263671875000000e-01
1.413574218750000000e-01
1.433105468750000000e-01
1.451416015625000000e-01
1.470947265625000000e-01
1.489257812500000000e-01
1.508789062500000000e-01
1.529541015625000000e-01
1.549072265625000000e-01
1.568603515625000000e-01
1.589355468750000000e-01
1.610107421875000000e-01
1.630859375000000000e-01
1.652832031250000000e-01
1.673583984375000000e-01
1.695556640625000000e-01
1.717529296875000000e-01
1.739501953125000000e-01
1.761474609375000000e-01
1.783447265625000000e-01
1.806640625000000000e-01
1.829833984375000000e-01
1.851806640625000000e-01
1.876220703125000000e-01
1.899414062500000000e-01
1.922607421875000000e-01
1.947021484375000000e-01
1.970214843750000000e-01
1.994628906250000000e-01
2.019042968750000000e-01
2.043457031250000000e-01
2.067871093750000000e-01
2.092285156250000000e-01
2.117919921875000000e-01
2.142333984375000000e-01
2.167968750000000000e-01
2.193603515625000000e-01
2.218017578125000000e-01
2.243652343750000000e-01
2.269287109375000000e-01
2.294921875000000000e-01
2.320556640625000000e-01
2.346191406250000000e-01
2.371826171875000000e-01
2.397460937500000000e-01
2.424316406250000000e-01
2.449951171875000000e-01
2.475585937500000000e-01
2.500000000000000000e-01
2.526855468750000000e-01
2.553710937500000000e-01
2.578125000000000000e-01
2.604980468750000000e-01
2.629394531250000000e-01
2.656250000000000000e-01
2.680664062500000000e-01
2.705078125000000000e-01
2.731933593750000000e-01
2.756347656250000000e-01
2.780761718750000000e-01
2.805175781250000000e-01
2.829589843750000000e-01
2.854003906250000000e-01
2.878417968750000000e-01
2.902832031250000000e-01
2.924804687500000000e-01
2.949218750000000000e-01
2.971191406250000000e-01
2.995605468750000000e-01
3.017578125000000000e-01
3.039550781250000000e-01
3.061523437500000000e-01
3.083496093750000000e-01
3.103027343750000000e-01
3.125000000000000000e-01
3.144531250000000000e-01
3.164062500000000000e-01
3.183593750000000000e-01
3.203125000000000000e-01
3.220214843750000000e-01
3.239746093750000000e-01
3.256835937500000000e-01
3.273925781250000000e-01
3.291015625000000000e-01
3.305664062500000000e-01
3.322753906250000000e-01
3.337402343750000000e-01
3.352050781250000000e-01
3.364257812500000000e-01
3.378906250000000000e-01
3.391113281250000000e-01
3.403320312500000000e-01
3.415527343750000000e-01
3.425292968750000000e-01
3.435058593750000000e-01
3.444824218750000000e-01
3.454589843750000000e-01
3.461914062500000000e-01
3.471679687500000000e-01
3.476562500000000000e-01
3.483886718750000000e-01
3.488769531250000000e-01
3.493652343750000000e-01
3.498535156250000000e-01
3.500976562500000000e-01
3.505859375000000000e-01
3.505859375000000000e-01
3.508300781250000000e-01
3.508300781250000000e-01
3.508300781250000000e-01
3.508300781250000000e-01
3.505859375000000000e-01
3.503417968750000000e-01
3.500976562500000000e-01
3.498535156250000000e-01
3.493652343750000000e-01
3.488769531250000000e-01
3.483886718750000000e-01
3.476562500000000000e-01
3.469238281250000000e-01
3.461914062500000000e-01
3.454589843750000000e-01
3.444824218750000000e-01
3.435058593750000000e-01
3.425292968750000000e-01
3.413085937500000000e-01
3.400878906250000000e-01
3.388671875000000000e-01
3.376464843750000000e-01
3.364257812500000000e-01
3.349609375000000000e-01
3.334960937500000000e-01
3.320312500000000000e-01
3.303222656250000000e-01
3.286132812500000000e-01
3.271484375000000000e-01
3.251953125000000000e-01
3.234863281250000000e-01
3.215332031250000000e-01
3.198242187500000000e-01
3.178710937500000000e-01
3.159179687500000000e-01
3.137207031250000000e-01
3.117675781250000000e-01
3.095703125000000000e-01
3.073730468750000000e-01
3.051757812500000000e-01
3.029785156250000000e-01
3.007812500000000000e-01
2.985839843750000000e-01
2.961425781250000000e-01
2.939453125000000000e-01
2.915039062500000000e-01
2.890625000000000000e-01
2.866210937500000000e-01
2.841796875000000000e-01
2.817382812500000000e-01
2.790527343750000000e-01
2.766113281250000000e-01
2.741699218750000000e-01
2.714843750000000000e-01
2.690429687500000000e-01
2.663574218750000000e-01
2.639160156250000000e-01
2.612304687500000000e-01
2.585449218750000000e-01
2.558593750000000000e-01
2.534179687500000000e-01
2.507324218750000000e-01
2.480468750000000000e-01
2.454833984375000000e-01
2.427978515625000000e-01
2.402343750000000000e-01
2.375488281250000000e-01
2.349853515625000000e-01
2.322998046875000000e-01
2.297363281250000000e-01
2.270507812500000000e-01
2.244873046875000000e-01
2.219238281250000000e-01
2.192382812500000000e-01
2.166748046875000000e-01
2.141113281250000000e-01
2.116699218750000000e-01
2.091064453125000000e-01
2.065429687500000000e-01
2.041015625000000000e-01
2.015380859375000000e-01
1.990966796875000000e-01
1.966552734375000000e-01
1.942138671875000000e-01
1.917724609375000000e-01
1.893310546875000000e-01
1.870117187500000000e-01
1.846923828125000000e-01
1.822509765625000000e-01
1.799316406250000000e-01
1.777343750000000000e-01
1.754150390625000000e-01
1.732177734375000000e-01
1.708984375000000000e-01
1.687011718750000000e-01
1.666259765625000000e-01
1.644287109375000000e-01
1.622314453125000000e-01
1.601562500000000000e-01
1.580810546875000000e-01
1.560058593750000000e-01
1.540527343750000000e-01
1.519775390625000000e-01
1.500244140625000000e-01
1.480712890625000000e-01
1.461181640625000000e-01
1.441650390625000000e-01
1.423339843750000000e-01
1.405029296875000000e-01
1.386718750000000000e-01
1.368408203125000000e-01
1.350097656250000000e-01
1.333007812500000000e-01
1.315917968750000000e-01
1.298828125000000000e-01
1.281738281250000000e-01
1.264648437500000000e-01
1.248779296875000000e-01
1.232299804687500000e-01
1.216430664062500000e-01
1.201171875000000000e-01
1.185302734375000000e-01
1.170654296875000000e-01
1.155395507812500000e-01
1.140747070312500000e-01
1.126098632812500000e-01
1.112060546875000000e-01
1.098022460937500000e-01
1.083984375000000000e-01
1.070556640625000000e-01
1.057128906250000000e-01
1.044311523437500000e-01
1.030883789062500000e-01
1.018066406250000000e-01
1.005859375000000000e-01
9.936523437500000000e-02
9.814453125000000000e-02
9.692382812500000000e-02
9.576416015625000000e-02
9.460449218750000000e-02
9.344482421875000000e-02
9.234619140625000000e-02
9.124755859375000000e-02
9.014892578125000000e-02
8.911132812500000000e-02
8.807373046875000000e-02
8.703613281250000000e-02
8.599853515625000000e-02
8.502197265625000000e-02
8.404541015625000000e-02
8.306884765625000000e-02
8.215332031250000000e-02
8.117675781250000000e-02
8.026123046875000000e-02
7.940673828125000000e-02
7.849121093750000000e-02
7.763671875000000000e-02
7.678222656250000000e-02
7.592773437500000000e-02
7.507324218750000000e-02
7.427978515625000000e-02
7.348632812500000000e-02
7.269287109375000000e-02
7.189941406250000000e-02
7.116699218750000000e-02
7.037353515625000000e-02
6.964111328125000000e-02
6.890869140625000000e-02
6.823730468750000000e-02
6.750488281250000000e-02
6.683349609375000000e-02
6.616210937500000000e-02
6.549072265625000000e-02
6.481933593750000000e-02
6.414794921875000000e-02
6.353759765625000000e-02
6.286621093750000000e-02
6.228637695312500000e-02
6.167602539062500000e-02
6.106567382812500000e-02
6.048583984375000000e-02
5.990600585937500000e-02
5.932617187500000000e-02
5.877685546875000000e-02
5.822753906250000000e-02
5.767822265625000000e-02
5.715942382812500000e-02
5.664062500000000000e-02
5.612182617187500000e-02
5.560302734375000000e-02
5.511474609375000000e-02
5.459594726562500000e-02
5.413818359375000000e-02
5.364990234375000000e-02
5.316162109375000000e-02
5.270385742187500000e-02
5.224609375000000000e-02
5.181884765625000000e-02
5.136108398437500000e-02
5.093383789062500000e-02
5.050659179687500000e-02
5.007934570312500000e-02
4.968261718750000000e-02
4.925537109375000000e-02
4.885864257812500000e-02
4.846191406250000000e-02
4.806518554687500000e-02
4.769897460937500000e-02
4.730224609375000000e-02
4.693603515625000000e-02
4.656982421875000000e-02
4.620361328125000000e-02
4.586791992187500000e-02
4.550170898437500000e-02
4.516601562500000000e-02
4.483032226562500000e-02
4.449462890625000000e-02
4.415893554687500000e-02
4.382324218750000000e-02
4.351806640625000000e-02
4.321289062500000000e-02
4.290771484375000000e-02
4.260253906250000000e-02
4.229736328125000000e-02
4.199218750000000000e-02
4.168701171875000000e-02
4.141235351562500000e-02
4.113769531250000000e-02
4.086303710937500000e-02
4.058837890625000000e-02
4.031372070312500000e-02
4.003906250000000000e-02
3.979492187500000000e-02
3.952026367187500000e-02
3.927612304687500000e-02
3.903198242187500000e-02
3.878784179687500000e-02
3.854370117187500000e-02
3.829956054687500000e-02
3.805541992187500000e-02
3.784179687500000000e-02
3.759765625000000000e-02
3.738403320312500000e-02
3.717041015625000000e-02
3.695678710937500000e-02
3.671264648437500000e-02
3.652954101562500000e-02
3.631591796875000000e-02
3.610229492187500000e-02
3.591918945312500000e-02
3.570556640625000000e-02
3.552246093750000000e-02
3.530883789062500000e-02
3.512573242187500000e-02
3.494262695312500000e-02
3.475952148437500000e-02
3.457641601562500000e-02
3.442382812500000000e-02
3.424072265625000000e-02
3.405761718750000000e-02
3.390502929687500000e-02
3.372192382812500000e-02
3.356933593750000000e-02
3.341674804687500000e-02
3.326416015625000000e-02
3.311157226562500000e-02
3.295898437500000000e-02
3.280639648437500000e-02
3.265380859375000000e-02
3.253173828125000000e-02
3.237915039062500000e-02
3.222656250000000000e-02
3.210449218750000000e-02
3.198242187500000000e-02
3.182983398437500000e-02
3.170776367187500000e-02
3.158569335937500000e-02
3.146362304687500000e-02
3.134155273437500000e-02
3.121948242187500000e-02
3.111267089843750000e-02
3.099060058593750000e-02
3.088378906250000000e-02
3.077697753906250000e-02
3.067016601562500000e-02
3.056335449218750000e-02
3.045654296875000000e-02
3.036499023437500000e-02
3.025817871093750000e-02
3.016662597656250000e-02
3.007507324218750000e-02
2.998352050781250000e-02
2.989196777343750000e-02
2.981567382812500000e-02
2.972412109375000000e-02
2.964782714843750000e-02
2.955627441406250000e-02
2.947998046875000000e-02
2.940368652343750000e-02
2.934265136718750000e-02
2.926635742187500000e-02
2.919006347656250000e-02
2.912902832031250000e-02
2.906799316406250000e-02
2.900695800781250000e-02
2.894592285156250000e-02
2.888488769531250000e-02
2.882385253906250000e-02
2.877807617187500000e-02
2.871704101562500000e-02
2.867126464843750000e-02
2.862548828125000000e-02
2.857971191406250000e-02
2.853393554687500000e-02
2.848815917968750000e-02
2.845764160156250000e-02
2.841186523437500000e-02
2.838134765625000000e-02
2.835083007812500000e-02
2.832031250000000000e-02
2.828979492187500000e-02
2.825927734375000000e-02
2.822875976562500000e-02
2.821350097656250000e-02
2.819824218750000000e-02
2.816772460937500000e-02
2.815246582031250000e-02
2.813720703125000000e-02
2.813720703125000000e-02
2.812194824218750000e-02
2.812194824218750000e-02
2.810668945312500000e-02
2.810668945312500000e-02
2.810668945312500000e-02
2.810668945312500000e-02
2.810668945312500000e-02
2.812194824218750000e-02
2.812194824218750000e-02
2.813720703125000000e-02
2.815246582031250000e-02
2.816772460937500000e-02
2.818298339843750000e-02
2.819824218750000000e-02
2.822875976562500000e-02
2.824401855468750000e-02
2.827453613281250000e-02
2.830505371093750000e-02
2.833557128906250000e-02
2.836608886718750000e-02
2.841186523437500000e-02
2.844238281250000000e-02
2.848815917968750000e-02
2.853393554687500000e-02
2.857971191406250000e-02
2.862548828125000000e-02
2.868652343750000000e-02
2.873229980468750000e-02
2.879333496093750000e-02
2.885437011718750000e-02
2.891540527343750000e-02
2.897644042968750000e-02
2.905273437500000000e-02
2.911376953125000000e-02
2.919006347656250000e-02
2.926635742187500000e-02
2.934265136718750000e-02
2.941894531250000000e-02
2.951049804687500000e-02
2.960205078125000000e-02
2.967834472656250000e-02
2.976989746093750000e-02
2.987670898437500000e-02
2.996826171875000000e-02
3.007507324218750000e-02
3.018188476562500000e-02
3.028869628906250000e-02
3.039550781250000000e-02
3.050231933593750000e-02
3.062438964843750000e-02
3.074645996093750000e-02
3.086853027343750000e-02
3.099060058593750000e-02
3.111267089843750000e-02
3.125000000000000000e-02
3.137207031250000000e-02
3.152465820312500000e-02
3.167724609375000000e-02
3.179931640625000000e-02
3.195190429687500000e-02
3.210449218750000000e-02
3.225708007812500000e-02
3.240966796875000000e-02
3.259277343750000000e-02
3.274536132812500000e-02
3.292846679687500000e-02
3.308105468750000000e-02
3.326416015625000000e-02
3.344726562500000000e-02
3.363037109375000000e-02
3.381347656250000000e-02
3.399658203125000000e-02
3.417968750000000000e-02
3.436279296875000000e-02
3.457641601562500000e-02
3.479003906250000000e-02
3.497314453125000000e-02
3.518676757812500000e-02
3.540039062500000000e-02
3.561401367187500000e-02
3.582763671875000000e-02
3.604125976562500000e-02
3.628540039062500000e-02
3.649902343750000000e-02
3.674316406250000000e-02
3.695678710937500000e-02
3.720092773437500000e-02
3.744506835937500000e-02
3.768920898437500000e-02
3.793334960937500000e-02
3.817749023437500000e-02
3.842163085937500000e-02
3.869628906250000000e-02
3.894042968750000000e-02
3.921508789062500000e-02
3.945922851562500000e-02
3.973388671875000000e-02
4.000854492187500000e-02
4.025268554687500000e-02
4.052734375000000000e-02
4.080200195312500000e-02
4.107666015625000000e-02
4.138183593750000000e-02
4.165649414062500000e-02
4.193115234375000000e-02
4.220581054687500000e-02
4.251098632812500000e-02
4.278564453125000000e-02
4.309082031250000000e-02
4.336547851562500000e-02
4.367065429687500000e-02
4.394531250000000000e-02
4.425048828125000000e-02
4.452514648437500000e-02
4.483032226562500000e-02
4.513549804687500000e-02
4.541015625000000000e-02
4.571533203125000000e-02
4.598999023437500000e-02
4.629516601562500000e-02
4.660034179687500000e-02
4.687500000000000000e-02
4.718017578125000000e-02
4.745483398437500000e-02
4.776000976562500000e-02
4.803466796875000000e-02
4.833984375000000000e-02
4.861450195312500000e-02
4.888916015625000000e-02
4.919433593750000000e-02
4.946899414062500000e-02
4.974365234375000000e-02
5.001831054687500000e-02
5.029296875000000000e-02
5.056762695312500000e-02
5.081176757812500000e-02
5.108642578125000000e-02
5.133056640625000000e-02
5.160522460937500000e-02
5.184936523437500000e-02
5.209350585937500000e-02
5.233764648437500000e-02
5.258178710937500000e-02
5.279541015625000000e-02
5.303955078125000000e-02
5.325317382812500000e-02
5.346679687500000000e-02
5.368041992187500000e-02
5.389404296875000000e-02
5.407714843750000000e-02
5.426025390625000000e-02
5.447387695312500000e-02
5.462646484375000000e-02
5.480957031250000000e-02
5.499267578125000000e-02
5.514526367187500000e-02
5.529785156250000000e-02
5.545043945312500000e-02
5.557250976562500000e-02
5.569458007812500000e-02
5.584716796875000000e-02
5.593872070312500000e-02
5.606079101562500000e-02
5.615234375000000000e-02
5.624389648437500000e-02
5.633544921875000000e-02
5.639648437500000000e-02
5.648803710937500000e-02
5.654907226562500000e-02
5.657958984375000000e-02
5.664062500000000000e-02
5.667114257812500000e-02
5.670166015625000000e-02
5.670166015625000000e-02
5.673217773437500000e-02
5.673217773437500000e-02
5.673217773437500000e-02
5.670166015625000000e-02
5.667114257812500000e-02
5.664062500000000000e-02
5.661010742187500000e-02
5.654907226562500000e-02
5.651855468750000000e-02
5.642700195312500000e-02
5.636596679687500000e-02
5.627441406250000000e-02
5.621337890625000000e-02
5.609130859375000000e-02
5.599975585937500000e-02
5.587768554687500000e-02
5.575561523437500000e-02
5.563354492187500000e-02
5.551147460937500000e-02
5.535888671875000000e-02
5.520629882812500000e-02
5.505371093750000000e-02
5.490112304687500000e-02
5.474853515625000000e-02
5.456542968750000000e-02
5.438232421875000000e-02
5.419921875000000000e-02
5.398559570312500000e-02
5.380249023437500000e-02
5.358886718750000000e-02
5.337524414062500000e-02
5.316162109375000000e-02
5.294799804687500000e-02
5.273437500000000000e-02
5.249023437500000000e-02
5.227661132812500000e-02
5.203247070312500000e-02
5.178833007812500000e-02
5.154418945312500000e-02
5.126953125000000000e-02
5.102539062500000000e-02
5.078125000000000000e-02
5.050659179687500000e-02
5.023193359375000000e-02
4.998779296875000000e-02
4.971313476562500000e-02
4.943847656250000000e-02
4.916381835937500000e-02
4.888916015625000000e-02
4.861450195312500000e-02
4.833984375000000000e-02
4.803466796875000000e-02
4.776000976562500000e-02
4.748535156250000000e-02
4.721069335937500000e-02
4.690551757812500000e-02
4.663085937500000000e-02
4.632568359375000000e-02
4.605102539062500000e-02
4.577636718750000000e-02
4.547119140625000000e-02
4.519653320312500000e-02
4.489135742187500000e-02
4.461669921875000000e-02
4.431152343750000000e-02
4.403686523437500000e-02
4.376220703125000000e-02
4.345703125000000000e-02
4.318237304687500000e-02
4.290771484375000000e-02
4.263305664062500000e-02
4.235839843750000000e-02
4.208374023437500000e-02
4.180908203125000000e-02
4.153442382812500000e-02
4.125976562500000000e-02
4.098510742187500000e-02
4.071044921875000000e-02
4.043579101562500000e-02
4.019165039062500000e-02
3.991699218750000000e-02
3.967285156250000000e-02
3.939819335937500000e-02
3.915405273437500000e-02
3.890991210937500000e-02
3.866577148437500000e-02
3.839111328125000000e-02
3.814697265625000000e-02
3.793334960937500000e-02
3.768920898437500000e-02
3.744506835937500000e-02
3.723144531250000000e-02
3.698730468750000000e-02
3.677368164062500000e-02
3.652954101562500000e-02
3.631591796875000000e-02
3.610229492187500000e-02
3.588867187500000000e-02
3.567504882812500000e-02
3.549194335937500000e-02
3.527832031250000000e-02
3.506469726562500000e-02
3.488159179687500000e-02
3.469848632812500000e-02
3.448486328125000000e-02
3.430175781250000000e-02
3.411865234375000000e-02
3.393554687500000000e-02
3.378295898437500000e-02
3.359985351562500000e-02
3.341674804687500000e-02
3.326416015625000000e-02
3.311157226562500000e-02
3.292846679687500000e-02
3.277587890625000000e-02
3.262329101562500000e-02
3.247070312500000000e-02
3.234863281250000000e-02
3.219604492187500000e-02
3.204345703125000000e-02
3.192138671875000000e-02
3.176879882812500000e-02
3.164672851562500000e-02
3.152465820312500000e-02
3.140258789062500000e-02
3.128051757812500000e-02
3.115844726562500000e-02
3.105163574218750000e-02
3.094482421875000000e-02
3.083801269531250000e-02
3.073120117187500000e-02
3.062438964843750000e-02
3.053283691406250000e-02
3.044128417968750000e-02
3.033447265625000000e-02
3.025817871093750000e-02
3.016662597656250000e-02
3.009033203125000000e-02
2.999877929687500000e-02
2.992248535156250000e-02
2.984619140625000000e-02
2.978515625000000000e-02
2.970886230468750000e-02
2.964782714843750000e-02
2.958679199218750000e-02
2.952575683593750000e-02
2.946472167968750000e-02
2.941894531250000000e-02
2.935791015625000000e-02
2.931213378906250000e-02
2.926635742187500000e-02
2.922058105468750000e-02
2.917480468750000000e-02
2.914428710937500000e-02
2.911376953125000000e-02
2.906799316406250000e-02
2.903747558593750000e-02
2.902221679687500000e-02
2.899169921875000000e-02
2.896118164062500000e-02
2.894592285156250000e-02
2.893066406250000000e-02
2.891540527343750000e-02
2.890014648437500000e-02
2.888488769531250000e-02
2.888488769531250000e-02
2.888488769531250000e-02
2.886962890625000000e-02
2.886962890625000000e-02
2.886962890625000000e-02
2.888488769531250000e-02
2.888488769531250000e-02
2.890014648437500000e-02
2.890014648437500000e-02
2.891540527343750000e-02
2.893066406250000000e-02
2.894592285156250000e-02
2.897644042968750000e-02
2.899169921875000000e-02
2.902221679687500000e-02
2.903747558593750000e-02
2.906799316406250000e-02
2.909851074218750000e-02
2.912902832031250000e-02
2.917480468750000000e-02
2.920532226562500000e-02
2.925109863281250000e-02
2.928161621093750000e-02
2.932739257812500000e-02
2.937316894531250000e-02
2.941894531250000000e-02
2.946472167968750000e-02
2.952575683593750000e-02
2.957153320312500000e-02
2.963256835937500000e-02
2.969360351562500000e-02
2.973937988281250000e-02
2.980041503906250000e-02
2.987670898437500000e-02
2.993774414062500000e-02
2.999877929687500000e-02
3.007507324218750000e-02
3.013610839843750000e-02
3.021240234375000000e-02
3.028869628906250000e-02
3.036499023437500000e-02
3.044128417968750000e-02
3.051757812500000000e-02
3.060913085937500000e-02
3.068542480468750000e-02
3.077697753906250000e-02
3.085327148437500000e-02
3.094482421875000000e-02
3.103637695312500000e-02
3.112792968750000000e-02
3.121948242187500000e-02
3.131103515625000000e-02
3.140258789062500000e-02
3.149414062500000000e-02
3.161621093750000000e-02
3.170776367187500000e-02
3.179931640625000000e-02
3.192138671875000000e-02
3.201293945312500000e-02
3.213500976562500000e-02
3.222656250000000000e-02
3.234863281250000000e-02
3.247070312500000000e-02
3.256225585937500000e-02
3.268432617187500000e-02
3.280639648437500000e-02
3.292846679687500000e-02
3.305053710937500000e-02
3.317260742187500000e-02
3.329467773437500000e-02
3.341674804687500000e-02
3.353881835937500000e-02
3.366088867187500000e-02
3.378295898437500000e-02
3.390502929687500000e-02
3.402709960937500000e-02
3.414916992187500000e-02
3.430175781250000000e-02
3.442382812500000000e-02
3.454589843750000000e-02
3.469848632812500000e-02
3.482055664062500000e-02
3.497314453125000000e-02
3.509521484375000000e-02
3.524780273437500000e-02
3.536987304687500000e-02
3.552246093750000000e-02
3.564453125000000000e-02
3.579711914062500000e-02
3.591918945312500000e-02
3.607177734375000000e-02
3.622436523437500000e-02
3.634643554687500000e-02
3.649902343750000000e-02
3.665161132812500000e-02
3.680419921875000000e-02
3.692626953125000000e-02
3.707885742187500000e-02
3.723144531250000000e-02
3.738403320312500000e-02
3.750610351562500000e-02
3.765869140625000000e-02
3.781127929687500000e-02
3.796386718750000000e-02
3.808593750000000000e-02
3.823852539062500000e-02
3.839111328125000000e-02
3.854370117187500000e-02
3.869628906250000000e-02
3.881835937500000000e-02
3.897094726562500000e-02
3.912353515625000000e-02
3.927612304687500000e-02
3.939819335937500000e-02
3.955078125000000000e-02
3.970336914062500000e-02
3.985595703125000000e-02
3.997802734375000000e-02
4.013061523437500000e-02
4.025268554687500000e-02
4.040527343750000000e-02
4.055786132812500000e-02
4.067993164062500000e-02
4.083251953125000000e-02
4.095458984375000000e-02
4.110717773437500000e-02
4.122924804687500000e-02
4.135131835937500000e-02
4.150390625000000000e-02
4.162597656250000000e-02
4.174804687500000000e-02
4.187011718750000000e-02
4.202270507812500000e-02
4.214477539062500000e-02
4.226684570312500000e-02
4.238891601562500000e-02
4.251098632812500000e-02
4.263305664062500000e-02
4.272460937500000000e-02
4.284667968750000000e-02
4.296875000000000000e-02
4.309082031250000000e-02
4.318237304687500000e-02
4.330444335937500000e-02
4.339599609375000000e-02
4.348754882812500000e-02
4.360961914062500000e-02
4.370117187500000000e-02
4.379272460937500000e-02
4.388427734375000000e-02
4.397583007812500000e-02
4.406738281250000000e-02
4.415893554687500000e-02
4.425048828125000000e-02
4.431152343750000000e-02
4.440307617187500000e-02
4.446411132812500000e-02
4.455566406250000000e-02
4.461669921875000000e-02
4.467773437500000000e-02
4.473876953125000000e-02
4.479980468750000000e-02
4.486083984375000000e-02
4.492187500000000000e-02
4.498291015625000000e-02
4.504394531250000000e-02
4.507446289062500000e-02
4.510498046875000000e-02
4.516601562500000000e-02
4.519653320312500000e-02
4.522705078125000000e-02
4.525756835937500000e-02
4.528808593750000000e-02
4.531860351562500000e-02
4.531860351562500000e-02
4.534912109375000000e-02
4.537963867187500000e-02
4.537963867187500000e-02
4.537963867187500000e-02
4.537963867187500000e-02
4.537963867187500000e-02
4.537963867187500000e-02
4.537963867187500000e-02
4.537963867187500000e-02
4.534912109375000000e-02
4.534912109375000000e-02
4.531860351562500000e-02
4.528808593750000000e-02
4.525756835937500000e-02
4.522705078125000000e-02
4.519653320312500000e-02
4.516601562500000000e-02
4.513549804687500000e-02
4.507446289062500000e-02
4.504394531250000000e-02
4.498291015625000000e-02
4.492187500000000000e-02
4.486083984375000000e-02
4.479980468750000000e-02
4.473876953125000000e-02
4.467773437500000000e-02
4.461669921875000000e-02
4.452514648437500000e-02
4.446411132812500000e-02
4.437255859375000000e-02
4.428100585937500000e-02
4.418945312500000000e-02
4.412841796875000000e-02
4.400634765625000000e-02
4.391479492187500000e-02
4.382324218750000000e-02
4.373168945312500000e-02
4.360961914062500000e-02
4.351806640625000000e-02
4.339599609375000000e-02
4.327392578125000000e-02
4.315185546875000000e-02
4.306030273437500000e-02
4.293823242187500000e-02
4.278564453125000000e-02
4.266357421875000000e-02
4.254150390625000000e-02
4.241943359375000000e-02
4.226684570312500000e-02
4.214477539062500000e-02
4.199218750000000000e-02
4.183959960937500000e-02
4.171752929687500000e-02
4.156494140625000000e-02
4.141235351562500000e-02
4.125976562500000000e-02
4.110717773437500000e-02
4.095458984375000000e-02
4.080200195312500000e-02
4.064941406250000000e-02
4.046630859375000000e-02
4.031372070312500000e-02
4.013061523437500000e-02
3.997802734375000000e-02
3.979492187500000000e-02
3.964233398437500000e-02
3.945922851562500000e-02
3.930664062500000000e-02
3.912353515625000000e-02
3.894042968750000000e-02
3.875732421875000000e-02
3.857421875000000000e-02
3.842163085937500000e-02
3.823852539062500000e-02
3.805541992187500000e-02
3.787231445312500000e-02
3.768920898437500000e-02
3.750610351562500000e-02
3.729248046875000000e-02
3.710937500000000000e-02
3.692626953125000000e-02
3.674316406250000000e-02
3.656005859375000000e-02
3.634643554687500000e-02
3.616333007812500000e-02
3.598022460937500000e-02
3.579711914062500000e-02
3.558349609375000000e-02
3.540039062500000000e-02
3.521728515625000000e-02
3.500366210937500000e-02
3.482055664062500000e-02
3.463745117187500000e-02
3.442382812500000000e-02
3.424072265625000000e-02
3.402709960937500000e-02
3.384399414062500000e-02
3.366088867187500000e-02
3.344726562500000000e-02
3.326416015625000000e-02
3.305053710937500000e-02
3.286743164062500000e-02
3.268432617187500000e-02
3.247070312500000000e-02
3.228759765625000000e-02
3.207397460937500000e-02
3.189086914062500000e-02
3.170776367187500000e-02
3.149414062500000000e-02
3.131103515625000000e-02
3.112792968750000000e-02
3.092956542968750000e-02
3.073120117187500000e-02
3.054809570312500000e-02
3.034973144531250000e-02
3.016662597656250000e-02
2.996826171875000000e-02
2.978515625000000000e-02
2.960205078125000000e-02
2.940368652343750000e-02
2.922058105468750000e-02
2.903747558593750000e-02
2.885437011718750000e-02
2.865600585937500000e-02
2.847290039062500000e-02
2.828979492187500000e-02
2.810668945312500000e-02
2.792358398437500000e-02
2.774047851562500000e-02
2.757263183593750000e-02
2.738952636718750000e-02
2.720642089843750000e-02
2.702331542968750000e-02
2.685546875000000000e-02
2.667236328125000000e-02
2.650451660156250000e-02
2.632141113281250000e-02
2.615356445312500000e-02
2.598571777343750000e-02
2.580261230468750000e-02
2.563476562500000000e-02
2.546691894531250000e-02
2.529907226562500000e-02
2.513122558593750000e-02
2.496337890625000000e-02
2.479553222656250000e-02
2.462768554687500000e-02
2.447509765625000000e-02
2.430725097656250000e-02
2.413940429687500000e-02
2.398681640625000000e-02
2.381896972656250000e-02
2.366638183593750000e-02
2.351379394531250000e-02
2.334594726562500000e-02
2.319335937500000000e-02
2.304077148437500000e-02
2.288818359375000000e-02
2.273559570312500000e-02
2.258300781250000000e-02
2.243041992187500000e-02
2.227783203125000000e-02
2.214050292968750000e-02
2.198791503906250000e-02
2.185058593750000000e-02
2.169799804687500000e-02
2.156066894531250000e-02
2.140808105468750000e-02
2.127075195312500000e-02
2.113342285156250000e-02
2.099609375000000000e-02
2.084350585937500000e-02
2.070617675781250000e-02
2.056884765625000000e-02
2.044677734375000000e-02
2.030944824218750000e-02
2.017211914062500000e-02
2.003479003906250000e-02
1.991271972656250000e-02
1.977539062500000000e-02
1.965332031250000000e-02
1.951599121093750000e-02
1.939392089843750000e-02
1.927185058593750000e-02
1.913452148437500000e-02
1.901245117187500000e-02
1.889038085937500000e-02
1.876831054687500000e-02
1.864624023437500000e-02
1.852416992187500000e-02
1.840209960937500000e-02
1.829528808593750000e-02
1.817321777343750000e-02
1.805114746093750000e-02
1.794433593750000000e-02
1.782226562500000000e-02
1.771545410156250000e-02
1.759338378906250000e-02
1.748657226562500000e-02
1.737976074218750000e-02
1.725769042968750000e-02
1.715087890625000000e-02
1.704406738281250000e-02
1.693725585937500000e-02
1.683044433593750000e-02
1.672363281250000000e-02
1.661682128906250000e-02
1.651000976562500000e-02
1.641845703125000000e-02
1.631164550781250000e-02
1.620483398437500000e-02
1.611328125000000000e-02
1.600646972656250000e-02
1.591491699218750000e-02
1.580810546875000000e-02
1.571655273437500000e-02
1.561737060546875000e-02
1.552581787109375000e-02
1.542663574218750000e-02
1.533508300781250000e-02
1.524353027343750000e-02
1.514434814453125000e-02
1.505279541015625000e-02
1.496124267578125000e-02
1.487731933593750000e-02
1.478576660156250000e-02
1.469421386718750000e-02
1.461029052734375000e-02
1.451873779296875000e-02
1.443481445312500000e-02
1.435089111328125000e-02
1.425933837890625000e-02
1.417541503906250000e-02
1.409149169921875000e-02
1.401519775390625000e-02
1.393127441406250000e-02
1.384735107421875000e-02
1.376342773437500000e-02
1.368713378906250000e-02
1.360321044921875000e-02
1.352691650390625000e-02
1.345062255859375000e-02
1.337432861328125000e-02
1.329040527343750000e-02
1.321411132812500000e-02
1.314544677734375000e-02
1.306915283203125000e-02
1.299285888671875000e-02
1.291656494140625000e-02
1.284790039062500000e-02
1.277160644531250000e-02
1.270294189453125000e-02
1.262664794921875000e-02
1.255798339843750000e-02
1.248931884765625000e-02
1.242065429687500000e-02
1.234436035156250000e-02
1.227569580078125000e-02
1.221466064453125000e-02
1.214599609375000000e-02
1.207733154296875000e-02
1.200866699218750000e-02
1.194000244140625000e-02
1.187896728515625000e-02
1.181030273437500000e-02
1.174926757812500000e-02
1.168823242187500000e-02
1.161956787109375000e-02
1.155853271484375000e-02
1.149749755859375000e-02
1.143646240234375000e-02
1.137542724609375000e-02
1.131439208984375000e-02
1.125335693359375000e-02
1.119232177734375000e-02
1.113128662109375000e-02
1.107788085937500000e-02
1.101684570312500000e-02
1.095581054687500000e-02
1.090240478515625000e-02
1.084136962890625000e-02
1.078796386718750000e-02
1.072692871093750000e-02
1.067352294921875000e-02
1.062011718750000000e-02
1.056671142578125000e-02
1.051330566406250000e-02
1.045227050781250000e-02
1.039886474609375000e-02
1.034545898437500000e-02
1.029968261718750000e-02
1.024627685546875000e-02
1.019287109375000000e-02
1.013946533203125000e-02
1.008605957031250000e-02
1.004028320312500000e-02
9.986877441406250000e-03
9.941101074218750000e-03
9.887695312500000000e-03
9.841918945312500000e-03
9.788513183593750000e-03
9.742736816406250000e-03
9.696960449218750000e-03
9.643554687500000000e-03
9.597778320312500000e-03
9.552001953125000000e-03
9.506225585937500000e-03
9.460449218750000000e-03
9.414672851562500000e-03
9.368896484375000000e-03
9.323120117187500000e-03
9.277343750000000000e-03
9.231567382812500000e-03
9.185791015625000000e-03
9.140014648437500000e-03
9.101867675781250000e-03
9.056091308593750000e-03
9.010314941406250000e-03
8.972167968750000000e-03
8.926391601562500000e-03
8.888244628906250000e-03
8.842468261718750000e-03
8.804321289062500000e-03
8.758544921875000000e-03
8.720397949218750000e-03
8.682250976562500000e-03
8.644104003906250000e-03
8.598327636718750000e-03
8.560180664062500000e-03
8.522033691406250000e-03
8.483886718750000000e-03
8.445739746093750000e-03
8.407592773437500000e-03
8.369445800781250000e-03
8.331298828125000000e-03
8.293151855468750000e-03
8.255004882812500000e-03
8.216857910156250000e-03
8.178710937500000000e-03
8.140563964843750000e-03
8.110046386718750000e-03
8.071899414062500000e-03
8.033752441406250000e-03
8.003234863281250000e-03
7.965087890625000000e-03
7.926940917968750000e-03
7.896423339843750000e-03
7.858276367187500000e-03
7.827758789062500000e-03
7.789611816406250000e-03
7.755279541015625000e-03
7.724761962890625000e-03
7.690429687500000000e-03
7.656097412109375000e-03
7.625579833984375000e-03
7.591247558593750000e-03
7.556915283203125000e-03
7.526397705078125000e-03
7.495880126953125000e-03
7.461547851562500000e-03
7.431030273437500000e-03
7.400512695312500000e-03
7.366180419921875000e-03
7.335662841796875000e-03
7.305145263671875000e-03
7.274627685546875000e-03
7.244110107421875000e-03
7.213592529296875000e-03
7.186889648437500000e-03
7.156372070312500000e-03
7.125854492187500000e-03
7.095336914062500000e-03
7.068634033203125000e-03
7.038116455078125000e-03
7.007598876953125000e-03
6.980895996093750000e-03
6.954193115234375000e-03
6.923675537109375000e-03
6.896972656250000000e-03
6.866455078125000000e-03
6.839752197265625000e-03
6.813049316406250000e-03
6.786346435546875000e-03
6.759643554687500000e-03
6.732940673828125000e-03
6.706237792968750000e-03
6.679534912109375000e-03
6.652832031250000000e-03
6.626129150390625000e-03
6.599426269531250000e-03
6.572723388671875000e-03
6.546020507812500000e-03
6.523132324218750000e-03
6.496429443359375000e-03
6.469726562500000000e-03
6.446838378906250000e-03
6.420135498046875000e-03
6.397247314453125000e-03
6.370544433593750000e-03
6.347656250000000000e-03
6.324768066406250000e-03
6.298065185546875000e-03
6.275177001953125000e-03
6.252288818359375000e-03
6.225585937500000000e-03
6.202697753906250000e-03
6.179809570312500000e-03
6.156921386718750000e-03
6.134033203125000000e-03
6.111145019531250000e-03
6.088256835937500000e-03
6.065368652343750000e-03
6.042480468750000000e-03
6.019592285156250000e-03
5.996704101562500000e-03
5.977630615234375000e-03
5.954742431640625000e-03
5.931854248046875000e-03
5.908966064453125000e-03
5.889892578125000000e-03
5.867004394531250000e-03
5.844116210937500000e-03
5.825042724609375000e-03
5.802154541015625000e-03
5.783081054687500000e-03
5.760192871093750000e-03
5.741119384765625000e-03
5.722045898437500000e-03
5.699157714843750000e-03
5.680084228515625000e-03
5.661010742187500000e-03
5.638122558593750000e-03
5.619049072265625000e-03
5.599975585937500000e-03
5.580902099609375000e-03
5.561828613281250000e-03
5.538940429687500000e-03
5.519866943359375000e-03
5.500793457031250000e-03
5.481719970703125000e-03
5.462646484375000000e-03
5.443572998046875000e-03
5.424499511718750000e-03
5.405426025390625000e-03
5.390167236328125000e-03
5.371093750000000000e-03
5.352020263671875000e-03
5.332946777343750000e-03
5.313873291015625000e-03
5.298614501953125000e-03
5.279541015625000000e-03
5.260467529296875000e-03
5.241394042968750000e-03
5.226135253906250000e-03
5.207061767578125000e-03
5.191802978515625000e-03
5.172729492187500000e-03
5.157470703125000000e-03
5.138397216796875000e-03
5.123138427734375000e-03
5.104064941406250000e-03
5.088806152343750000e-03
5.069732666015625000e-03
5.054473876953125000e-03
5.039215087890625000e-03
5.020141601562500000e-03
5.004882812500000000e-03
4.989624023437500000e-03
4.970550537109375000e-03
4.955291748046875000e-03
4.940032958984375000e-03
4.924774169921875000e-03
4.909515380859375000e-03
4.894256591796875000e-03
4.875183105468750000e-03
4.859924316406250000e-03
4.844665527343750000e-03
4.829406738281250000e-03
4.814147949218750000e-03
4.798889160156250000e-03
4.783630371093750000e-03
4.768371582031250000e-03
4.753112792968750000e-03
4.737854003906250000e-03
4.726409912109375000e-03
4.711151123046875000e-03
4.695892333984375000e-03
4.680633544921875000e-03
4.665374755859375000e-03
4.650115966796875000e-03
4.638671875000000000e-03
4.623413085937500000e-03
4.608154296875000000e-03
4.592895507812500000e-03
4.581451416015625000e-03
4.566192626953125000e-03
4.550933837890625000e-03
4.539489746093750000e-03
4.524230957031250000e-03
4.512786865234375000e-03
4.497528076171875000e-03
4.486083984375000000e-03
4.470825195312500000e-03
4.459381103515625000e-03
4.444122314453125000e-03
4.432678222656250000e-03
4.417419433593750000e-03
4.405975341796875000e-03
4.390716552734375000e-03
4.379272460937500000e-03
4.364013671875000000e-03
4.352569580078125000e-03
4.341125488281250000e-03
4.325866699218750000e-03
4.314422607421875000e-03
4.302978515625000000e-03
4.291534423828125000e-03
4.276275634765625000e-03
4.264831542968750000e-03
4.253387451171875000e-03
4.241943359375000000e-03
4.226684570312500000e-03
4.215240478515625000e-03
4.203796386718750000e-03
4.192352294921875000e-03
4.180908203125000000e-03
4.169464111328125000e-03
4.158020019531250000e-03
4.146575927734375000e-03
4.131317138671875000e-03
4.119873046875000000e-03
4.108428955078125000e-03
4.096984863281250000e-03
4.085540771484375000e-03
4.074096679687500000e-03
4.062652587890625000e-03
4.055023193359375000e-03
4.043579101562500000e-03
4.032135009765625000e-03
4.020690917968750000e-03
4.009246826171875000e-03
3.997802734375000000e-03
3.986358642578125000e-03
3.974914550781250000e-03
3.963470458984375000e-03
3.955841064453125000e-03
3.944396972656250000e-03
3.932952880859375000e-03
3.921508789062500000e-03
3.913879394531250000e-03
3.902435302734375000e-03
3.890991210937500000e-03
3.881454467773437500e-03
3.870010375976562500e-03
3.860473632812500000e-03
3.850936889648437500e-03
3.839492797851562500e-03
3.829956054687500000e-03
3.820419311523437500e-03
3.808975219726562500e-03
3.799438476562500000e-03
3.789901733398437500e-03
3.780364990234375000e-03
3.770828247070312500e-03
3.761291503906250000e-03
3.751754760742187500e-03
3.740310668945312500e-03
3.730773925781250000e-03
3.721237182617187500e-03
3.711700439453125000e-03
3.704071044921875000e-03
3.694534301757812500e-03
3.684997558593750000e-03
3.675460815429687500e-03
3.665924072265625000e-03
3.656387329101562500e-03
3.646850585937500000e-03
3.639221191406250000e-03
3.629684448242187500e-03
3.620147705078125000e-03
3.610610961914062500e-03
3.602981567382812500e-03
3.593444824218750000e-03
3.583908081054687500e-03
3.576278686523437500e-03
3.566741943359375000e-03
3.559112548828125000e-03
3.549575805664062500e-03
3.541946411132812500e-03
3.532409667968750000e-03
3.524780273437500000e-03
3.515243530273437500e-03
3.507614135742187500e-03
3.498077392578125000e-03
3.490447998046875000e-03
3.482818603515625000e-03
3.473281860351562500e-03
3.465652465820312500e-03
3.458023071289062500e-03
3.448486328125000000e-03
3.440856933593750000e-03
3.433227539062500000e-03
3.425598144531250000e-03
3.416061401367187500e-03
3.408432006835937500e-03
3.400802612304687500e-03
3.393173217773437500e-03
3.385543823242187500e-03
3.377914428710937500e-03
3.370285034179687500e-03
3.362655639648437500e-03
3.355026245117187500e-03
3.347396850585937500e-03
3.339767456054687500e-03
3.332138061523437500e-03
3.324508666992187500e-03
3.316879272460937500e-03
3.309249877929687500e-03
3.301620483398437500e-03
3.293991088867187500e-03
3.286361694335937500e-03
3.280639648437500000e-03
3.273010253906250000e-03
3.265380859375000000e-03
3.257751464843750000e-03
3.252029418945312500e-03
3.244400024414062500e-03
3.236770629882812500e-03
3.231048583984375000e-03
3.223419189453125000e-03
3.215789794921875000e-03
3.210067749023437500e-03
3.202438354492187500e-03
3.194808959960937500e-03
3.189086914062500000e-03
3.181457519531250000e-03
3.175735473632812500e-03
3.168106079101562500e-03
3.162384033203125000e-03
3.154754638671875000e-03
3.149032592773437500e-03
3.143310546875000000e-03
3.135681152343750000e-03
3.129959106445312500e-03
3.122329711914062500e-03
3.116607666015625000e-03
3.110885620117187500e-03
3.103256225585937500e-03
3.097534179687500000e-03
3.091812133789062500e-03
3.086090087890625000e-03
3.078460693359375000e-03
3.072738647460937500e-03
3.067016601562500000e-03
3.061294555664062500e-03
3.055572509765625000e-03
3.047943115234375000e-03
3.042221069335937500e-03
3.036499023437500000e-03
3.030776977539062500e-03
3.025054931640625000e-03
3.019332885742187500e-03
3.013610839843750000e-03
3.007888793945312500e-03
3.002166748046875000e-03
2.996444702148437500e-03
2.990722656250000000e-03
2.985000610351562500e-03
2.979278564453125000e-03
2.973556518554687500e-03
2.967834472656250000e-03
2.962112426757812500e-03
2.956390380859375000e-03
2.952575683593750000e-03
2.946853637695312500e-03
2.941131591796875000e-03
2.935409545898437500e-03
2.929687500000000000e-03
2.925872802734375000e-03
2.920150756835937500e-03
2.914428710937500000e-03
2.908706665039062500e-03
2.904891967773437500e-03
2.899169921875000000e-03
2.893447875976562500e-03
2.889633178710937500e-03
2.883911132812500000e-03
2.878189086914062500e-03
2.874374389648437500e-03
2.868652343750000000e-03
2.864837646484375000e-03
2.859115600585937500e-03
2.855300903320312500e-03
2.849578857421875000e-03
2.845764160156250000e-03
2.840042114257812500e-03
2.836227416992187500e-03
2.830505371093750000e-03
2.826690673828125000e-03
2.822875976562500000e-03
2.817153930664062500e-03
2.813339233398437500e-03
2.807617187500000000e-03
2.803802490234375000e-03
2.799987792968750000e-03
2.794265747070312500e-03
2.790451049804687500e-03
2.786636352539062500e-03
2.782821655273437500e-03
2.777099609375000000e-03
2.773284912109375000e-03
2.769470214843750000e-03
2.765655517578125000e-03
2.761840820312500000e-03
2.758026123046875000e-03
2.752304077148437500e-03
2.748489379882812500e-03
2.744674682617187500e-03
2.740859985351562500e-03
2.737045288085937500e-03
2.733230590820312500e-03
2.729415893554687500e-03
2.725601196289062500e-03
2.721786499023437500e-03
2.717971801757812500e-03
2.714157104492187500e-03
2.710342407226562500e-03
2.706527709960937500e-03
2.702713012695312500e-03
2.698898315429687500e-03
2.696990966796875000e-03
2.693176269531250000e-03
2.689361572265625000e-03
2.685546875000000000e-03
2.681732177734375000e-03
2.679824829101562500e-03
2.676010131835937500e-03
2.672195434570312500e-03
2.668380737304687500e-03
2.666473388671875000e-03
2.662658691406250000e-03
2.658843994140625000e-03
2.656936645507812500e-03
2.653121948242187500e-03
2.649307250976562500e-03
2.647399902343750000e-03
2.643585205078125000e-03
2.641677856445312500e-03
2.637863159179687500e-03
2.635955810546875000e-03
2.632141113281250000e-03
2.630233764648437500e-03
2.626419067382812500e-03
2.624511718750000000e-03
2.620697021484375000e-03
2.618789672851562500e-03
2.616882324218750000e-03
2.613067626953125000e-03
2.611160278320312500e-03
2.609252929687500000e-03
2.605438232421875000e-03
2.603530883789062500e-03
2.601623535156250000e-03
2.599716186523437500e-03
2.595901489257812500e-03
2.593994140625000000e-03
2.592086791992187500e-03
2.590179443359375000e-03
2.588272094726562500e-03
2.586364746093750000e-03
2.582550048828125000e-03
2.580642700195312500e-03
2.578735351562500000e-03
2.576828002929687500e-03
2.574920654296875000e-03
2.573013305664062500e-03
2.571105957031250000e-03
2.569198608398437500e-03
2.569198608398437500e-03
2.567291259765625000e-03
2.565383911132812500e-03
2.563476562500000000e-03
2.561569213867187500e-03
2.559661865234375000e-03
2.559661865234375000e-03
2.557754516601562500e-03
2.555847167968750000e-03
2.553939819335937500e-03
2.553939819335937500e-03
2.552032470703125000e-03
2.550125122070312500e-03
2.550125122070312500e-03
2.548217773437500000e-03
2.548217773437500000e-03
2.546310424804687500e-03
2.546310424804687500e-03
2.544403076171875000e-03
2.544403076171875000e-03
2.542495727539062500e-03
2.542495727539062500e-03
2.540588378906250000e-03
2.540588378906250000e-03
2.540588378906250000e-03
2.538681030273437500e-03
2.538681030273437500e-03
2.538681030273437500e-03
2.538681030273437500e-03
2.536773681640625000e-03
2.536773681640625000e-03
2.536773681640625000e-03
2.536773681640625000e-03
2.536773681640625000e-03
2.536773681640625000e-03
2.536773681640625000e-03
2.536773681640625000e-03
2.536773681640625000e-03
2.536773681640625000e-03
2.536773681640625000e-03
2.536773681640625000e-03
2.536773681640625000e-03
2.536773681640625000e-03
2.538681030273437500e-03
2.538681030273437500e-03
2.538681030273437500e-03
2.540588378906250000e-03
2.540588378906250000e-03
2.540588378906250000e-03
2.542495727539062500e-03
2.542495727539062500e-03
2.544403076171875000e-03
2.544403076171875000e-03
2.546310424804687500e-03
2.546310424804687500e-03
2.548217773437500000e-03
2.550125122070312500e-03
2.550125122070312500e-03
2.552032470703125000e-03
2.553939819335937500e-03
2.555847167968750000e-03
2.555847167968750000e-03
2.557754516601562500e-03
2.559661865234375000e-03
2.561569213867187500e-03
2.563476562500000000e-03
2.565383911132812500e-03
2.567291259765625000e-03
2.569198608398437500e-03
2.573013305664062500e-03
2.574920654296875000e-03
2.576828002929687500e-03
2.578735351562500000e-03
2.582550048828125000e-03
2.584457397460937500e-03
2.586364746093750000e-03
2.590179443359375000e-03
2.592086791992187500e-03
2.595901489257812500e-03
2.597808837890625000e-03
2.601623535156250000e-03
2.605438232421875000e-03
2.607345581054687500e-03
2.611160278320312500e-03
2.614974975585937500e-03
2.618789672851562500e-03
2.622604370117187500e-03
2.626419067382812500e-03
2.630233764648437500e-03
2.634048461914062500e-03
2.637863159179687500e-03
2.641677856445312500e-03
2.645492553710937500e-03
2.649307250976562500e-03
2.655029296875000000e-03
2.658843994140625000e-03
2.662658691406250000e-03
2.668380737304687500e-03
2.672195434570312500e-03
2.677917480468750000e-03
2.681732177734375000e-03
2.687454223632812500e-03
2.693176269531250000e-03
2.698898315429687500e-03
2.702713012695312500e-03
2.708435058593750000e-03
2.714157104492187500e-03
2.719879150390625000e-03
2.725601196289062500e-03
2.731323242187500000e-03
2.737045288085937500e-03
2.744674682617187500e-03
2.750396728515625000e-03
2.756118774414062500e-03
2.763748168945312500e-03
2.769470214843750000e-03
2.775192260742187500e-03
2.782821655273437500e-03
2.790451049804687500e-03
2.796173095703125000e-03
2.803802490234375000e-03
2.811431884765625000e-03
2.819061279296875000e-03
2.824783325195312500e-03
2.832412719726562500e-03
2.840042114257812500e-03
2.847671508789062500e-03
2.857208251953125000e-03
2.864837646484375000e-03
2.872467041015625000e-03
2.880096435546875000e-03
2.889633178710937500e-03
2.897262573242187500e-03
2.904891967773437500e-03
2.914428710937500000e-03
2.923965454101562500e-03
2.931594848632812500e-03
2.941131591796875000e-03
2.950668334960937500e-03
2.958297729492187500e-03
2.967834472656250000e-03
2.977371215820312500e-03
2.986907958984375000e-03
2.996444702148437500e-03
3.005981445312500000e-03
3.015518188476562500e-03
3.025054931640625000e-03
3.036499023437500000e-03
3.046035766601562500e-03
3.055572509765625000e-03
3.067016601562500000e-03
3.076553344726562500e-03
3.086090087890625000e-03
3.097534179687500000e-03
3.107070922851562500e-03
3.118515014648437500e-03
3.128051757812500000e-03
3.139495849609375000e-03
3.150939941406250000e-03
3.162384033203125000e-03
3.171920776367187500e-03
3.183364868164062500e-03
3.194808959960937500e-03
3.206253051757812500e-03
3.217697143554687500e-03
3.227233886718750000e-03
3.238677978515625000e-03
3.250122070312500000e-03
3.261566162109375000e-03
3.273010253906250000e-03
3.284454345703125000e-03
3.295898437500000000e-03
3.307342529296875000e-03
3.318786621093750000e-03
3.330230712890625000e-03
3.341674804687500000e-03
3.353118896484375000e-03
3.364562988281250000e-03
3.376007080078125000e-03
3.387451171875000000e-03
3.398895263671875000e-03
3.410339355468750000e-03
3.421783447265625000e-03
3.433227539062500000e-03
3.444671630859375000e-03
3.456115722656250000e-03
3.467559814453125000e-03
3.479003906250000000e-03
3.488540649414062500e-03
3.499984741210937500e-03
3.511428833007812500e-03
3.522872924804687500e-03
3.532409667968750000e-03
3.543853759765625000e-03
3.555297851562500000e-03
3.564834594726562500e-03
3.574371337890625000e-03
3.585815429687500000e-03
3.595352172851562500e-03
3.604888916015625000e-03
3.616333007812500000e-03
3.625869750976562500e-03
3.635406494140625000e-03
3.644943237304687500e-03
3.654479980468750000e-03
3.662109375000000000e-03
3.671646118164062500e-03
3.681182861328125000e-03
3.688812255859375000e-03
3.696441650390625000e-03
3.705978393554687500e-03
3.713607788085937500e-03
3.721237182617187500e-03
3.728866577148437500e-03
3.736495971679687500e-03
3.742218017578125000e-03
3.749847412109375000e-03
3.755569458007812500e-03
3.763198852539062500e-03
3.768920898437500000e-03
3.774642944335937500e-03
3.780364990234375000e-03
3.786087036132812500e-03
3.789901733398437500e-03
3.795623779296875000e-03
3.799438476562500000e-03
3.803253173828125000e-03
3.808975219726562500e-03
3.810882568359375000e-03
3.814697265625000000e-03
3.818511962890625000e-03
3.820419311523437500e-03
3.822326660156250000e-03
3.826141357421875000e-03
3.826141357421875000e-03
3.828048706054687500e-03
3.829956054687500000e-03
3.829956054687500000e-03
3.831863403320312500e-03
3.831863403320312500e-03
3.831863403320312500e-03
3.829956054687500000e-03
3.829956054687500000e-03
3.828048706054687500e-03
3.828048706054687500e-03
3.826141357421875000e-03
3.822326660156250000e-03
3.820419311523437500e-03
3.818511962890625000e-03
3.814697265625000000e-03
3.810882568359375000e-03
3.807067871093750000e-03
3.803253173828125000e-03
3.799438476562500000e-03
