7.443199999999999818e+03
7.443200766922307594e+03
7.443201533844614460e+03
7.443202300766922235e+03
7.443203067689230011e+03
7.443203834611536877e+03
7.443204601533844652e+03
7.443205368456151518e+03
7.443206135378459294e+03
7.443206902300767069e+03
7.443207669223073935e+03
7.443208436145381711e+03
7.443209203067689486e+03
7.443209969989996353e+03
7.443210736912304128e+03
7.443211503834610994e+03
7.443212270756918770e+03
7.443213037679226545e+03
7.443213804601533411e+03
7.443214571523841187e+03
7.443215338446148962e+03
7.443216105368455828e+03
7.443216872290763604e+03
7.443217639213070470e+03
7.443218406135378245e+03
7.443219173057686021e+03
7.443219939979992887e+03
7.443220706902300662e+03
7.443221473824608438e+03
7.443222240746915304e+03
7.443223007669223080e+03
7.443223774591529946e+03
7.443224541513837721e+03
7.443225308436145497e+03
7.443226075358452363e+03
7.443226842280760138e+03
7.443227609203067914e+03
7.443228376125374780e+03
7.443229143047682555e+03
7.443229909969989421e+03
7.443230676892297197e+03
7.443231443814604972e+03
7.443232210736911838e+03
7.443232977659219614e+03
7.443233744581527390e+03
7.443234511503834256e+03
7.443235278426142031e+03
7.443236045348448897e+03
7.443236812270756673e+03
7.443237579193064448e+03
7.443238346115371314e+03
7.443239113037679090e+03
7.443239879959986865e+03
7.443240646882293731e+03
7.443241413804601507e+03
7.443242180726908373e+03
7.443242947649216148e+03
7.443243714571523924e+03
7.443244481493830790e+03
7.443245248416138566e+03
7.443246015338446341e+03
7.443246782260753207e+03
7.443247549183060983e+03
7.443248316105367849e+03
7.443249083027675624e+03
7.443249849949983400e+03
7.443250616872290266e+03
7.443251383794598041e+03
7.443252150716905817e+03
7.443252917639212683e+03
7.443253684561520458e+03
7.443254451483827324e+03
7.443255218406135100e+03
7.443255985328442875e+03
7.443256752250749742e+03
7.443257519173057517e+03
7.443258286095365293e+03
7.443259053017672159e+03
7.443259819939979934e+03
7.443260586862286800e+03
7.443261353784594576e+03
7.443262120706902351e+03
7.443262887629209217e+03
7.443263654551516993e+03
7.443264421473824768e+03
7.443265188396131634e+03
7.443265955318439410e+03
7.443266722240747185e+03
7.443267489163054051e+03
7.443268256085361827e+03
7.443269023007668693e+03
7.443269789929976469e+03
7.443270556852284244e+03
7.443271323774591110e+03
7.443272090696898886e+03
7.443272857619206661e+03
7.443273624541513527e+03
7.443274391463821303e+03
7.443275158386128169e+03
7.443275925308435944e+03
7.443276692230743720e+03
7.443277459153050586e+03
7.443278226075358361e+03
7.443278992997666137e+03
7.443279759919973003e+03
7.443280526842280779e+03
7.443281293764587645e+03
7.443282060686895420e+03
7.443282827609203196e+03
7.443283594531510062e+03
7.443284361453817837e+03
7.443285128376125613e+03
7.443285895298432479e+03
7.443286662220740254e+03
7.443287429143047120e+03
7.443288196065354896e+03
7.443288962987662671e+03
7.443289729909969537e+03
7.443290496832277313e+03
7.443291263754585088e+03
7.443292030676891954e+03
7.443292797599199730e+03
7.443293564521506596e+03
7.443294331443814372e+03
7.443295098366122147e+03
7.443295865288429013e+03
7.443296632210736789e+03
7.443297399133044564e+03
7.443298166055351430e+03
7.443298932977659206e+03
7.443299699899966072e+03
7.443300466822273847e+03
7.443301233744581623e+03
7.443302000666888489e+03
7.443302767589196264e+03
7.443303534511504040e+03
7.443304301433810906e+03
7.443305068356118682e+03
7.443305835278425548e+03
7.443306602200733323e+03
7.443307369123041099e+03
7.443308136045347965e+03
7.443308902967655740e+03
7.443309669889963516e+03
7.443310436812270382e+03
7.443311203734578157e+03
7.443311970656885023e+03
7.443312737579192799e+03
7.443313504501500574e+03
7.443314271423807440e+03
7.443315038346115216e+03
7.443315805268422992e+03
7.443316572190729858e+03
7.443317339113037633e+03
7.443318106035344499e+03
7.443318872957652275e+03
7.443319639879960050e+03
7.443320406802266916e+03
7.443321173724574692e+03
7.443321940646882467e+03
7.443322707569189333e+03
7.443323474491497109e+03
7.443324241413803975e+03
7.443325008336111750e+03
7.443325775258419526e+03
7.443326542180726392e+03
7.443327309103034167e+03
7.443328076025341943e+03
7.443328842947648809e+03
7.443329609869956585e+03
7.443330376792264360e+03
7.443331143714571226e+03
7.443331910636879002e+03
7.443332677559185868e+03
7.443333444481493643e+03
7.443334211403801419e+03
7.443334978326108285e+03
7.443335745248416060e+03
7.443336512170723836e+03
7.443337279093030702e+03
7.443338046015338477e+03
7.443338812937645343e+03
7.443339579859953119e+03
7.443340346782260895e+03
7.443341113704567761e+03
7.443341880626875536e+03
7.443342647549183312e+03
7.443343414471490178e+03
7.443344181393797953e+03
7.443344948316104819e+03
7.443345715238412595e+03
7.443346482160720370e+03
7.443347249083027236e+03
7.443348016005335012e+03
7.443348782927642787e+03
7.443349549849949653e+03
7.443350316772257429e+03
7.443351083694564295e+03
7.443351850616872071e+03
7.443352617539179846e+03
7.443353384461486712e+03
7.443354151383794488e+03
7.443354918306102263e+03
7.443355685228409129e+03
7.443356452150716905e+03
7.443357219073023771e+03
7.443357985995331546e+03
7.443358752917639322e+03
7.443359519839946188e+03
7.443360286762253963e+03
7.443361053684561739e+03
7.443361820606868605e+03
7.443362587529176380e+03
7.443363354451483247e+03
7.443364121373791022e+03
7.443364888296098798e+03
7.443365655218405664e+03
7.443366422140713439e+03
7.443367189063021215e+03
7.443367955985328081e+03
7.443368722907635856e+03
7.443369489829942722e+03
7.443370256752250498e+03
7.443371023674558273e+03
7.443371790596865139e+03
7.443372557519172915e+03
7.443373324441480690e+03
7.443374091363787556e+03
7.443374858286095332e+03
7.443375625208402198e+03
7.443376392130709974e+03
7.443377159053017749e+03
7.443377925975324615e+03
7.443378692897632391e+03
7.443379459819940166e+03
7.443380226742247032e+03
7.443380993664554808e+03
7.443381760586861674e+03
7.443382527509169449e+03
7.443383294431477225e+03
7.443384061353784091e+03
7.443384828276091866e+03
7.443385595198399642e+03
7.443386362120706508e+03
7.443387129043014284e+03
7.443387895965322059e+03
7.443388662887628925e+03
7.443389429809936701e+03
7.443390196732243567e+03
7.443390963654551342e+03
7.443391730576859118e+03
7.443392497499165984e+03
7.443393264421473759e+03
7.443394031343781535e+03
7.443394798266088401e+03
7.443395565188396176e+03
7.443396332110703042e+03
7.443397099033010818e+03
7.443397865955318593e+03
7.443398632877625460e+03
7.443399399799933235e+03
7.443400166722241011e+03
7.443400933644547877e+03
7.443401700566855652e+03
7.443402467489162518e+03
7.443403234411470294e+03
7.443404001333778069e+03
7.443404768256084935e+03
7.443405535178392711e+03
7.443406302100700486e+03
7.443407069023007352e+03
7.443407835945315128e+03
7.443408602867621994e+03
7.443409369789929769e+03
7.443410136712237545e+03
7.443410903634544411e+03
7.443411670556852187e+03
7.443412437479159962e+03
7.443413204401466828e+03
7.443413971323774604e+03
7.443414738246081470e+03
7.443415505168389245e+03
7.443416272090697021e+03
7.443417039013003887e+03
7.443417805935311662e+03
7.443418572857619438e+03
7.443419339779926304e+03
7.443420106702234079e+03
7.443420873624540945e+03
7.443421640546848721e+03
7.443422407469156497e+03
7.443423174391463363e+03
7.443423941313771138e+03
7.443424708236078914e+03
7.443425475158385780e+03
7.443426242080693555e+03
7.443427009003000421e+03
7.443427775925308197e+03
7.443428542847615972e+03
7.443429309769922838e+03
7.443430076692230614e+03
7.443430843614538389e+03
7.443431610536845255e+03
7.443432377459153031e+03
7.443433144381459897e+03
7.443433911303767673e+03
7.443434678226075448e+03
7.443435445148382314e+03
7.443436212070690090e+03
7.443436978992997865e+03
7.443437745915304731e+03
7.443438512837612507e+03
7.443439279759919373e+03
7.443440046682227148e+03
7.443440813604534924e+03
7.443441580526841790e+03
7.443442347449149565e+03
7.443443114371457341e+03
7.443443881293764207e+03
7.443444648216071982e+03
7.443445415138378848e+03
7.443446182060686624e+03
7.443446948982994400e+03
7.443447715905301266e+03
7.443448482827609041e+03
7.443449249749916817e+03
7.443450016672223683e+03
7.443450783594531458e+03
7.443451550516839234e+03
7.443452317439146100e+03
7.443453084361453875e+03
7.443453851283760741e+03
7.443454618206068517e+03
7.443455385128376292e+03
7.443456152050683158e+03
7.443456918972990934e+03
7.443457685895298710e+03
7.443458452817605576e+03
7.443459219739913351e+03
7.443459986662220217e+03
7.443460753584527993e+03
7.443461520506835768e+03
7.443462287429142634e+03
7.443463054351450410e+03
7.443463821273758185e+03
7.443464588196065051e+03
7.443465355118372827e+03
7.443466122040679693e+03
7.443466888962987468e+03
7.443467655885295244e+03
7.443468422807602110e+03
7.443469189729909886e+03
7.443469956652217661e+03
7.443470723574524527e+03
7.443471490496832303e+03
7.443472257419139169e+03
7.443473024341446944e+03
7.443473791263754720e+03
7.443474558186061586e+03
7.443475325108369361e+03
7.443476092030677137e+03
7.443476858952984003e+03
7.443477625875291778e+03
7.443478392797598644e+03
7.443479159719906420e+03
7.443479926642214195e+03
7.443480693564521061e+03
7.443481460486828837e+03
7.443482227409136613e+03
7.443482994331443479e+03
7.443483761253751254e+03
7.443484528176058120e+03
7.443485295098365896e+03
7.443486062020673671e+03
7.443486828942980537e+03
7.443487595865288313e+03
7.443488362787596088e+03
7.443489129709902954e+03
7.443489896632210730e+03
7.443490663554517596e+03
7.443491430476825371e+03
7.443492197399133147e+03
7.443492964321440013e+03
7.443493731243747789e+03
7.443494498166055564e+03
7.443495265088362430e+03
7.443496032010670206e+03
7.443496798932977072e+03
7.443497565855284847e+03
7.443498332777592623e+03
7.443499099699899489e+03
7.443499866622207264e+03
7.443500633544515040e+03
7.443501400466821906e+03
7.443502167389129681e+03
7.443502934311436547e+03
7.443503701233744323e+03
7.443504468156052098e+03
7.443505235078358965e+03
7.443506002000666740e+03
7.443506768922974516e+03
7.443507535845281382e+03
7.443508302767589157e+03
7.443509069689896023e+03
7.443509836612203799e+03
7.443510603534511574e+03
7.443511370456818440e+03
7.443512137379126216e+03
7.443512904301433991e+03
7.443513671223740857e+03
7.443514438146048633e+03
7.443515205068356408e+03
7.443515971990663274e+03
7.443516738912971050e+03
7.443517505835277916e+03
7.443518272757585692e+03
7.443519039679893467e+03
7.443519806602200333e+03
7.443520573524508109e+03
7.443521340446815884e+03
7.443522107369122750e+03
7.443522874291430526e+03
7.443523641213737392e+03
7.443524408136045167e+03
7.443525175058352943e+03
7.443525941980659809e+03
7.443526708902967584e+03
7.443527475825275360e+03
7.443528242747582226e+03
7.443529009669890002e+03
7.443529776592196868e+03
7.443530543514504643e+03
7.443531310436812419e+03
7.443532077359119285e+03
7.443532844281427060e+03
7.443533611203734836e+03
7.443534378126041702e+03
7.443535145048349477e+03
7.443535911970656343e+03
7.443536678892964119e+03
7.443537445815271894e+03
7.443538212737578760e+03
7.443538979659886536e+03
7.443539746582194311e+03
7.443540513504501178e+03
7.443541280426808953e+03
7.443542047349115819e+03
7.443542814271423595e+03
7.443543581193731370e+03
7.443544348116038236e+03
7.443545115038346012e+03
7.443545881960653787e+03
7.443546648882960653e+03
7.443547415805268429e+03
7.443548182727575295e+03
7.443548949649883070e+03
7.443549716572190846e+03
7.443550483494497712e+03
7.443551250416805487e+03
7.443552017339113263e+03
7.443552784261420129e+03
7.443553551183727905e+03
7.443554318106034771e+03
7.443555085028342546e+03
7.443555851950650322e+03
7.443556618872957188e+03
7.443557385795264963e+03
7.443558152717572739e+03
7.443558919639879605e+03
7.443559686562187380e+03
7.443560453484494246e+03
7.443561220406802022e+03
7.443561987329109797e+03
7.443562754251416663e+03
7.443563521173724439e+03
7.443564288096032215e+03
7.443565055018339081e+03
7.443565821940646856e+03
7.443566588862953722e+03
7.443567355785261498e+03
7.443568122707569273e+03
7.443568889629876139e+03
7.443569656552183915e+03
7.443570423474491690e+03
7.443571190396798556e+03
7.443571957319106332e+03
7.443572724241413198e+03
7.443573491163720973e+03
7.443574258086028749e+03
7.443575025008335615e+03
7.443575791930643391e+03
7.443576558852951166e+03
7.443577325775258032e+03
7.443578092697565808e+03
7.443578859619873583e+03
7.443579626542180449e+03
7.443580393464488225e+03
7.443581160386795091e+03
7.443581927309102866e+03
7.443582694231410642e+03
7.443583461153717508e+03
7.443584228076025283e+03
7.443584994998333059e+03
7.443585761920639925e+03
7.443586528842947700e+03
7.443587295765254567e+03
7.443588062687562342e+03
7.443588829609870118e+03
7.443589596532176984e+03
7.443590363454484759e+03
7.443591130376792535e+03
7.443591897299099401e+03
7.443592664221407176e+03
7.443593431143714042e+03
7.443594198066021818e+03
7.443594964988329593e+03
7.443595731910636459e+03
7.443596498832944235e+03
7.443597265755252010e+03
7.443598032677558876e+03
7.443598799599866652e+03
7.443599566522173518e+03
7.443600333444481294e+03
7.443601100366789069e+03
7.443601867289095935e+03
7.443602634211403711e+03
7.443603401133711486e+03
7.443604168056018352e+03
7.443604934978326128e+03
7.443605701900632994e+03
7.443606468822940769e+03
7.443607235745248545e+03
7.443608002667555411e+03
7.443608769589863186e+03
7.443609536512170962e+03
7.443610303434477828e+03
7.443611070356785604e+03
7.443611837279092470e+03
7.443612604201400245e+03
7.443613371123708021e+03
7.443614138046014887e+03
7.443614904968322662e+03
7.443615671890630438e+03
7.443616438812937304e+03
7.443617205735245079e+03
7.443617972657551945e+03
7.443618739579859721e+03
7.443619506502167496e+03
7.443620273424474362e+03
7.443621040346782138e+03
7.443621807269089913e+03
7.443622574191396779e+03
7.443623341113704555e+03
7.443624108036011421e+03
7.443624874958319197e+03
7.443625641880626972e+03
7.443626408802933838e+03
7.443627175725241614e+03
7.443627942647549389e+03
7.443628709569856255e+03
7.443629476492164031e+03
7.443630243414470897e+03
7.443631010336778672e+03
7.443631777259086448e+03
7.443632544181393314e+03
7.443633311103701089e+03
7.443634078026008865e+03
7.443634844948315731e+03
7.443635611870623507e+03
7.443636378792931282e+03
7.443637145715238148e+03
7.443637912637545924e+03
7.443638679559852790e+03
7.443639446482160565e+03
7.443640213404468341e+03
7.443640980326775207e+03
7.443641747249082982e+03
7.443642514171390758e+03
7.443643281093697624e+03
7.443644048016005399e+03
7.443644814938312265e+03
7.443645581860620041e+03
7.443646348782927817e+03
7.443647115705234683e+03
7.443647882627542458e+03
7.443648649549850234e+03
7.443649416472157100e+03
7.443650183394464875e+03
7.443650950316771741e+03
7.443651717239079517e+03
7.443652484161387292e+03
7.443653251083694158e+03
7.443654018006001934e+03
7.443654784928309709e+03
7.443655551850616575e+03
7.443656318772924351e+03
7.443657085695231217e+03
7.443657852617538992e+03
7.443658619539846768e+03
7.443659386462153634e+03
7.443660153384461410e+03
7.443660920306769185e+03
7.443661687229076051e+03
7.443662454151383827e+03
7.443663221073690693e+03
7.443663987995998468e+03
7.443664754918306244e+03
7.443665521840613110e+03
7.443666288762920885e+03
7.443667055685228661e+03
7.443667822607535527e+03
7.443668589529843302e+03
7.443669356452150168e+03
7.443670123374457944e+03
7.443670890296765720e+03
7.443671657219072586e+03
7.443672424141380361e+03
7.443673191063688137e+03
7.443673957985995003e+03
7.443674724908302778e+03
7.443675491830609644e+03
7.443676258752917420e+03
7.443677025675225195e+03
7.443677792597532061e+03
7.443678559519839837e+03
7.443679326442147612e+03
7.443680093364454478e+03
7.443680860286762254e+03
7.443681627209069120e+03
7.443682394131376896e+03
7.443683161053684671e+03
7.443683927975991537e+03
7.443684694898299313e+03
7.443685461820607088e+03
7.443686228742913954e+03
7.443686995665221730e+03
7.443687762587528596e+03
7.443688529509836371e+03
7.443689296432144147e+03
7.443690063354451013e+03
7.443690830276758788e+03
7.443691597199066564e+03
7.443692364121373430e+03
7.443693131043681205e+03
7.443693897965988072e+03
7.443694664888295847e+03
7.443695431810603623e+03
7.443696198732910489e+03
7.443696965655218264e+03
7.443697732577526040e+03
7.443698499499832906e+03
7.443699266422140681e+03
7.443700033344448457e+03
7.443700800266755323e+03
7.443701567189063098e+03
7.443702334111369964e+03
7.443703101033677740e+03
7.443703867955985515e+03
7.443704634878292381e+03
7.443705401800600157e+03
7.443706168722907933e+03
7.443706935645214799e+03
7.443707702567522574e+03
7.443708469489829440e+03
7.443709236412137216e+03
7.443710003334444991e+03
7.443710770256751857e+03
7.443711537179059633e+03
7.443712304101367408e+03
7.443713071023674274e+03
7.443713837945982050e+03
7.443714604868288916e+03
7.443715371790596691e+03
7.443716138712904467e+03
7.443716905635211333e+03
7.443717672557519109e+03
7.443718439479826884e+03
7.443719206402133750e+03
7.443719973324441526e+03
7.443720740246748392e+03
7.443721507169056167e+03
7.443722274091363943e+03
7.443723041013670809e+03
7.443723807935978584e+03
7.443724574858286360e+03
7.443725341780593226e+03
7.443726108702901001e+03
7.443726875625207867e+03
7.443727642547515643e+03
7.443728409469823418e+03
7.443729176392130285e+03
7.443729943314438060e+03
7.443730710236745836e+03
7.443731477159052702e+03
7.443732244081360477e+03
7.443733011003667343e+03
7.443733777925975119e+03
7.443734544848282894e+03
7.443735311770589760e+03
7.443736078692897536e+03
7.443736845615205311e+03
7.443737612537512177e+03
7.443738379459819953e+03
7.443739146382126819e+03
7.443739913304434594e+03
7.443740680226742370e+03
7.443741447149049236e+03
7.443742214071357012e+03
7.443742980993664787e+03
7.443743747915971653e+03
7.443744514838279429e+03
7.443745281760586295e+03
7.443746048682894070e+03
7.443746815605201846e+03
7.443747582527508712e+03
7.443748349449816487e+03
7.443749116372124263e+03
7.443749883294431129e+03
7.443750650216738904e+03
7.443751417139045770e+03
7.443752184061353546e+03
7.443752950983661322e+03
7.443753717905968188e+03
7.443754484828275963e+03
7.443755251750583739e+03
7.443756018672890605e+03
7.443756785595198380e+03
7.443757552517505246e+03
7.443758319439813022e+03
7.443759086362120797e+03
7.443759853284427663e+03
7.443760620206735439e+03
7.443761387129043214e+03
7.443762154051350080e+03
7.443762920973657856e+03
7.443763687895965631e+03
7.443764454818272498e+03
7.443765221740580273e+03
7.443765988662887139e+03
7.443766755585194915e+03
7.443767522507502690e+03
7.443768289429809556e+03
7.443769056352117332e+03
7.443769823274425107e+03
7.443770590196731973e+03
7.443771357119039749e+03
7.443772124041346615e+03
7.443772890963654390e+03
7.443773657885962166e+03
7.443774424808269032e+03
7.443775191730576807e+03
7.443775958652884583e+03
7.443776725575191449e+03
7.443777492497499225e+03
7.443778259419806091e+03
7.443779026342113866e+03
7.443779793264421642e+03
7.443780560186728508e+03
7.443781327109036283e+03
7.443782094031344059e+03
7.443782860953650925e+03
7.443783627875958700e+03
7.443784394798265566e+03
7.443785161720573342e+03
7.443785928642881117e+03
7.443786695565187983e+03
7.443787462487495759e+03
7.443788229409803535e+03
7.443788996332110401e+03
7.443789763254418176e+03
7.443790530176725042e+03
7.443791297099032818e+03
7.443792064021340593e+03
7.443792830943647459e+03
7.443793597865955235e+03
7.443794364788263010e+03
7.443795131710569876e+03
7.443795898632877652e+03
7.443796665555184518e+03
7.443797432477492293e+03
7.443798199399800069e+03
7.443798966322106935e+03
7.443799733244414710e+03
7.443800500166722486e+03
7.443801267089029352e+03
7.443802034011337128e+03
7.443802800933643994e+03
7.443803567855951769e+03
7.443804334778259545e+03
7.443805101700566411e+03
7.443805868622874186e+03
7.443806635545181962e+03
7.443807402467488828e+03
7.443808169389796603e+03
7.443808936312103469e+03
7.443809703234411245e+03
7.443810470156719020e+03
7.443811237079025886e+03
7.443812004001333662e+03
7.443812770923641438e+03
7.443813537845948304e+03
7.443814304768256079e+03
7.443815071690562945e+03
7.443815838612870721e+03
7.443816605535178496e+03
7.443817372457485362e+03
7.443818139379793138e+03
7.443818906302100913e+03
7.443819673224407779e+03
7.443820440146715555e+03
7.443821207069022421e+03
7.443821973991330196e+03
7.443822740913637972e+03
7.443823507835944838e+03
7.443824274758252614e+03
7.443825041680560389e+03
7.443825808602867255e+03
7.443826575525175031e+03
7.443827342447482806e+03
7.443828109369789672e+03
7.443828876292097448e+03
7.443829643214404314e+03
7.443830410136712089e+03
7.443831177059019865e+03
7.443831943981326731e+03
7.443832710903634506e+03
7.443833477825942282e+03
7.443834244748249148e+03
7.443835011670556923e+03
7.443835778592863790e+03
7.443836545515171565e+03
7.443837312437479341e+03
7.443838079359786207e+03
7.443838846282093982e+03
7.443839613204401758e+03
7.443840380126708624e+03
7.443841147049016399e+03
7.443841913971323265e+03
7.443842680893631041e+03
7.443843447815938816e+03
7.443844214738245682e+03
7.443844981660553458e+03
7.443845748582861233e+03
7.443846515505168099e+03
7.443847282427475875e+03
7.443848049349782741e+03
7.443848816272090517e+03
7.443849583194398292e+03
7.443850350116705158e+03
7.443851117039012934e+03
7.443851883961320709e+03
7.443852650883627575e+03
7.443853417805935351e+03
7.443854184728242217e+03
7.443854951650549992e+03
7.443855718572857768e+03
7.443856485495164634e+03
7.443857252417472409e+03
7.443858019339780185e+03
7.443858786262087051e+03
7.443859553184394827e+03
7.443860320106701693e+03
7.443861087029009468e+03
7.443861853951317244e+03
7.443862620873624110e+03
7.443863387795931885e+03
7.443864154718239661e+03
7.443864921640546527e+03
7.443865688562854302e+03
7.443866455485161168e+03
7.443867222407468944e+03
7.443867989329776719e+03
7.443868756252083585e+03
7.443869523174391361e+03
7.443870290096699136e+03
7.443871057019006003e+03
7.443871823941313778e+03
7.443872590863620644e+03
7.443873357785928420e+03
7.443874124708236195e+03
7.443874891630543061e+03
7.443875658552850837e+03
7.443876425475158612e+03
7.443877192397465478e+03
7.443877959319773254e+03
7.443878726242080120e+03
7.443879493164387895e+03
7.443880260086695671e+03
7.443881027009002537e+03
7.443881793931310312e+03
7.443882560853618088e+03
7.443883327775924954e+03
7.443884094698232730e+03
7.443884861620540505e+03
7.443885628542847371e+03
7.443886395465155147e+03
7.443887162387462013e+03
7.443887929309769788e+03
7.443888696232077564e+03
7.443889463154384430e+03
7.443890230076692205e+03
7.443890996998999981e+03
7.443891763921306847e+03
7.443892530843614622e+03
7.443893297765921488e+03
7.443894064688229264e+03
7.443894831610537040e+03
7.443895598532843906e+03
7.443896365455151681e+03
7.443897132377459457e+03
7.443897899299766323e+03
7.443898666222074098e+03
7.443899433144380964e+03
7.443900200066688740e+03
7.443900966988996515e+03
7.443901733911303381e+03
7.443902500833611157e+03
7.443903267755918932e+03
7.443904034678225798e+03
7.443904801600533574e+03
7.443905568522840440e+03
7.443906335445148216e+03
7.443907102367455991e+03
7.443907869289762857e+03
7.443908636212070633e+03
7.443909403134378408e+03
7.443910170056685274e+03
7.443910936978993050e+03
7.443911703901299916e+03
7.443912470823607691e+03
7.443913237745915467e+03
7.443914004668222333e+03
7.443914771590530108e+03
7.443915538512837884e+03
7.443916305435144750e+03
7.443917072357452525e+03
7.443917839279759392e+03
7.443918606202067167e+03
7.443919373124374943e+03
7.443920140046681809e+03
7.443920906968989584e+03
7.443921673891297360e+03
7.443922440813604226e+03
7.443923207735912001e+03
7.443923974658218867e+03
7.443924741580526643e+03
7.443925508502834418e+03
7.443926275425141284e+03
7.443927042347449060e+03
7.443927809269756835e+03
7.443928576192063701e+03
7.443929343114371477e+03
7.443930110036678343e+03
7.443930876958986119e+03
7.443931643881293894e+03
7.443932410803600760e+03
7.443933177725908536e+03
7.443933944648216311e+03
7.443934711570523177e+03
7.443935478492830953e+03
7.443936245415137819e+03
7.443937012337445594e+03
7.443937779259753370e+03
7.443938546182060236e+03
7.443939313104368011e+03
7.443940080026675787e+03
7.443940846948982653e+03
7.443941613871290429e+03
7.443942380793597295e+03
7.443943147715905070e+03
7.443943914638212846e+03
7.443944681560519712e+03
7.443945448482827487e+03
7.443946215405135263e+03
7.443946982327442129e+03
7.443947749249749904e+03
7.443948516172057680e+03
7.443949283094364546e+03
7.443950050016672321e+03
7.443950816938979187e+03
7.443951583861286963e+03
7.443952350783594738e+03
7.443953117705901604e+03
7.443953884628209380e+03
7.443954651550517156e+03
7.443955418472824022e+03
7.443956185395131797e+03
7.443956952317438663e+03
7.443957719239746439e+03
7.443958486162054214e+03
7.443959253084361080e+03
7.443960020006668856e+03
7.443960786928976631e+03
7.443961553851283497e+03
7.443962320773591273e+03
7.443963087695898139e+03
7.443963854618205914e+03
7.443964621540513690e+03
7.443965388462820556e+03
7.443966155385128332e+03
7.443966922307436107e+03
7.443967689229742973e+03
7.443968456152050749e+03
7.443969223074357615e+03
7.443969989996665390e+03
7.443970756918973166e+03
7.443971523841280032e+03
7.443972290763587807e+03
7.443973057685895583e+03
7.443973824608202449e+03
7.443974591530510224e+03
7.443975358452817090e+03
7.443976125375124866e+03
7.443976892297432641e+03
7.443977659219739508e+03
7.443978426142047283e+03
7.443979193064355059e+03
7.443979959986661925e+03
7.443980726908969700e+03
7.443981493831276566e+03
7.443982260753584342e+03
7.443983027675892117e+03
7.443983794598198983e+03
7.443984561520506759e+03
7.443985328442814534e+03
7.443986095365121400e+03
7.443986862287429176e+03
7.443987629209736042e+03
7.443988396132043817e+03
7.443989163054351593e+03
7.443989929976658459e+03
7.443990696898966235e+03
7.443991463821274010e+03
7.443992230743580876e+03
7.443992997665888652e+03
7.443993764588195518e+03
7.443994531510503293e+03
7.443995298432811069e+03
7.443996065355117935e+03
7.443996832277425710e+03
7.443997599199733486e+03
7.443998366122040352e+03
7.443999133044348127e+03
7.443999899966654993e+03
7.444000666888962769e+03
7.444001433811270545e+03
7.444002200733577411e+03
7.444002967655885186e+03
7.444003734578192962e+03
7.444004501500499828e+03
7.444005268422807603e+03
7.444006035345114469e+03
7.444006802267422245e+03
7.444007569189730020e+03
7.444008336112036886e+03
7.444009103034344662e+03
7.444009869956652437e+03
7.444010636878959303e+03
7.444011403801267079e+03
7.444012170723574854e+03
7.444012937645881721e+03
7.444013704568189496e+03
7.444014471490496362e+03
7.444015238412804138e+03
7.444016005335111913e+03
7.444016772257418779e+03
7.444017539179726555e+03
7.444018306102034330e+03
7.444019073024341196e+03
7.444019839946648972e+03
7.444020606868955838e+03
7.444021373791263613e+03
7.444022140713571389e+03
7.444022907635878255e+03
7.444023674558186030e+03
7.444024441480493806e+03
7.444025208402800672e+03
7.444025975325108448e+03
7.444026742247415314e+03
7.444027509169723089e+03
7.444028276092030865e+03
7.444029043014337731e+03
7.444029809936645506e+03
7.444030576858953282e+03
7.444031343781260148e+03
7.444032110703567923e+03
7.444032877625874789e+03
7.444033644548182565e+03
7.444034411470490340e+03
7.444035178392797206e+03
7.444035945315104982e+03
7.444036712237412758e+03
7.444037479159719624e+03
7.444038246082027399e+03
7.444039013004334265e+03
7.444039779926642041e+03
7.444040546848949816e+03
7.444041313771256682e+03
7.444042080693564458e+03
7.444042847615872233e+03
7.444043614538179099e+03
7.444044381460486875e+03
7.444045148382793741e+03
7.444045915305101516e+03
7.444046682227409292e+03
7.444047449149716158e+03
7.444048216072023934e+03
7.444048982994331709e+03
7.444049749916638575e+03
7.444050516838946351e+03
7.444051283761253217e+03
7.444052050683560992e+03
7.444052817605868768e+03
7.444053584528175634e+03
7.444054351450483409e+03
7.444055118372791185e+03
7.444055885295098051e+03
7.444056652217405826e+03
7.444057419139712692e+03
7.444058186062020468e+03
7.444058952984328243e+03
7.444059719906635110e+03
7.444060486828942885e+03
7.444061253751250661e+03
7.444062020673557527e+03
7.444062787595865302e+03
7.444063554518172168e+03
7.444064321440479944e+03
7.444065088362787719e+03
7.444065855285094585e+03
7.444066622207402361e+03
7.444067389129710136e+03
7.444068156052017002e+03
7.444068922974324778e+03
7.444069689896631644e+03
7.444070456818939419e+03
7.444071223741247195e+03
7.444071990663554061e+03
7.444072757585861837e+03
7.444073524508169612e+03
7.444074291430476478e+03
7.444075058352784254e+03
7.444075825275092029e+03
7.444076592197398895e+03
7.444077359119706671e+03
7.444078126042013537e+03
7.444078892964321312e+03
7.444079659886629088e+03
7.444080426808935954e+03
7.444081193731243729e+03
7.444081960653551505e+03
7.444082727575858371e+03
7.444083494498166147e+03
7.444084261420473013e+03
7.444085028342780788e+03
7.444085795265088564e+03
7.444086562187395430e+03
7.444087329109703205e+03
7.444088096032010981e+03
7.444088862954317847e+03
7.444089629876625622e+03
7.444090396798932488e+03
7.444091163721240264e+03
7.444091930643548039e+03
7.444092697565854905e+03
7.444093464488162681e+03
7.444094231410470456e+03
7.444094998332777323e+03
7.444095765255085098e+03
7.444096532177391964e+03
7.444097299099699740e+03
7.444098066022007515e+03
7.444098832944314381e+03
7.444099599866622157e+03
7.444100366788929932e+03
7.444101133711236798e+03
7.444101900633544574e+03
7.444102667555851440e+03
7.444103434478159215e+03
7.444104201400466991e+03
7.444104968322773857e+03
7.444105735245081632e+03
7.444106502167389408e+03
7.444107269089696274e+03
7.444108036012004050e+03
7.444108802934310916e+03
7.444109569856618691e+03
7.444110336778926467e+03
7.444111103701233333e+03
7.444111870623541108e+03
7.444112637545848884e+03
7.444113404468155750e+03
7.444114171390463525e+03
7.444114938312770391e+03
7.444115705235078167e+03
7.444116472157385942e+03
7.444117239079692808e+03
7.444118006002000584e+03
7.444118772924308360e+03
7.444119539846615226e+03
7.444120306768923001e+03
7.444121073691229867e+03
7.444121840613537643e+03
7.444122607535845418e+03
7.444123374458152284e+03
7.444124141380460060e+03
7.444124908302767835e+03
7.444125675225074701e+03
7.444126442147382477e+03
7.444127209069689343e+03
7.444127975991997118e+03
7.444128742914304894e+03
7.444129509836611760e+03
7.444130276758919535e+03
7.444131043681227311e+03
7.444131810603534177e+03
7.444132577525841953e+03
7.444133344448149728e+03
7.444134111370456594e+03
7.444134878292764370e+03
7.444135645215071236e+03
7.444136412137379011e+03
7.444137179059686787e+03
7.444137945981993653e+03
7.444138712904301428e+03
7.444139479826609204e+03
7.444140246748916070e+03
7.444141013671223845e+03
7.444141780593530711e+03
7.444142547515838487e+03
7.444143314438146263e+03
7.444144081360453129e+03
7.444144848282760904e+03
7.444145615205068680e+03
7.444146382127375546e+03
7.444147149049683321e+03
7.444147915971990187e+03
7.444148682894297963e+03
7.444149449816605738e+03
7.444150216738912604e+03
7.444150983661220380e+03
7.444151750583528155e+03
7.444152517505835021e+03
7.444153284428142797e+03
7.444154051350449663e+03
7.444154818272757439e+03
7.444155585195065214e+03
7.444156352117372080e+03
7.444157119039679856e+03
7.444157885961987631e+03
7.444158652884294497e+03
7.444159419806602273e+03
7.444160186728909139e+03
7.444160953651216914e+03
7.444161720573524690e+03
7.444162487495831556e+03
7.444163254418139331e+03
7.444164021340447107e+03
7.444164788262753973e+03
7.444165555185061748e+03
7.444166322107368615e+03
7.444167089029676390e+03
7.444167855951984166e+03
7.444168622874291032e+03
7.444169389796598807e+03
7.444170156718906583e+03
7.444170923641213449e+03
7.444171690563521224e+03
7.444172457485828090e+03
7.444173224408135866e+03
7.444173991330443641e+03
7.444174758252750507e+03
7.444175525175058283e+03
7.444176292097366058e+03
7.444177059019672924e+03
7.444177825941980700e+03
7.444178592864287566e+03
7.444179359786595342e+03
7.444180126708903117e+03
7.444180893631209983e+03
7.444181660553517759e+03
7.444182427475825534e+03
7.444183194398132400e+03
7.444183961320440176e+03
7.444184728242747042e+03
7.444185495165054817e+03
7.444186262087362593e+03
7.444187029009669459e+03
7.444187795931977234e+03
7.444188562854285010e+03
7.444189329776591876e+03
7.444190096698899652e+03
7.444190863621206518e+03
7.444191630543514293e+03
7.444192397465822069e+03
7.444193164388128935e+03
7.444193931310436710e+03
7.444194698232744486e+03
7.444195465155051352e+03
7.444196232077359127e+03
7.444196998999666903e+03
7.444197765921973769e+03
7.444198532844281544e+03
7.444199299766588410e+03
7.444200066688896186e+03
7.444200833611203961e+03
7.444201600533510828e+03
7.444202367455818603e+03
7.444203134378126379e+03
7.444203901300433245e+03
7.444204668222741020e+03
7.444205435145047886e+03
7.444206202067355662e+03
7.444206968989663437e+03
7.444207735911970303e+03
7.444208502834278079e+03
7.444209269756585854e+03
7.444210036678892720e+03
7.444210803601200496e+03
7.444211570523507362e+03
7.444212337445815137e+03
7.444213104368122913e+03
7.444213871290429779e+03
7.444214638212737555e+03
7.444215405135045330e+03
7.444216172057352196e+03
7.444216938979659972e+03
7.444217705901966838e+03
7.444218472824274613e+03
7.444219239746582389e+03
7.444220006668889255e+03
7.444220773591197030e+03
7.444221540513504806e+03
7.444222307435811672e+03
7.444223074358119447e+03
7.444223841280426313e+03
7.444224608202734089e+03
7.444225375125041865e+03
7.444226142047348731e+03
7.444226908969656506e+03
7.444227675891964282e+03
7.444228442814271148e+03
7.444229209736578923e+03
7.444229976658885789e+03
7.444230743581193565e+03
7.444231510503501340e+03
7.444232277425808206e+03
7.444233044348115982e+03
7.444233811270423757e+03
7.444234578192730623e+03
7.444235345115038399e+03
7.444236112037345265e+03
7.444236878959653041e+03
7.444237645881960816e+03
7.444238412804267682e+03
7.444239179726575458e+03
7.444239946648883233e+03
7.444240713571190099e+03
7.444241480493497875e+03
7.444242247415804741e+03
7.444243014338112516e+03
7.444243781260420292e+03
7.444244548182727158e+03
7.444245315105034933e+03
7.444246082027342709e+03
7.444246848949649575e+03
7.444247615871957350e+03
7.444248382794264216e+03
7.444249149716571992e+03
7.444249916638879768e+03
7.444250683561186634e+03
7.444251450483494409e+03
7.444252217405802185e+03
7.444252984328109051e+03
7.444253751250416826e+03
7.444254518172723692e+03
7.444255285095031468e+03
7.444256052017339243e+03
7.444256818939646109e+03
7.444257585861953885e+03
7.444258352784261660e+03
7.444259119706568526e+03
7.444259886628876302e+03
7.444260653551184078e+03
7.444261420473490944e+03
7.444262187395798719e+03
7.444262954318105585e+03
7.444263721240413361e+03
7.444264488162721136e+03
7.444265255085028002e+03
7.444266022007335778e+03
7.444266788929643553e+03
7.444267555851950419e+03
7.444268322774258195e+03
7.444269089696565061e+03
7.444269856618872836e+03
7.444270623541180612e+03
7.444271390463487478e+03
7.444272157385795254e+03
7.444272924308103029e+03
7.444273691230409895e+03
7.444274458152717671e+03
7.444275225075024537e+03
7.444275991997332312e+03
7.444276758919640088e+03
7.444277525841946954e+03
7.444278292764254729e+03
7.444279059686562505e+03
7.444279826608869371e+03
7.444280593531177146e+03
7.444281360453484012e+03
7.444282127375791788e+03
7.444282894298099563e+03
7.444283661220406429e+03
7.444284428142714205e+03
7.444285195065021981e+03
7.444285961987328847e+03
7.444286728909636622e+03
7.444287495831943488e+03
7.444288262754251264e+03
7.444289029676559039e+03
7.444289796598865905e+03
7.444290563521173681e+03
7.444291330443481456e+03
7.444292097365788322e+03
7.444292864288096098e+03
7.444293631210402964e+03
7.444294398132710739e+03
7.444295165055018515e+03
7.444295931977325381e+03
7.444296698899633157e+03
7.444297465821940932e+03
7.444298232744247798e+03
7.444298999666555574e+03
7.444299766588862440e+03
7.444300533511170215e+03
7.444301300433477991e+03
7.444302067355784857e+03
7.444302834278092632e+03
7.444303601200400408e+03
7.444304368122707274e+03
7.444305135045015049e+03
7.444305901967321915e+03
7.444306668889629691e+03
7.444307435811937466e+03
7.444308202734244333e+03
7.444308969656552108e+03
7.444309736578859884e+03
7.444310503501166750e+03
7.444311270423474525e+03
7.444312037345781391e+03
7.444312804268089167e+03
7.444313571190396942e+03
7.444314338112703808e+03
7.444315105035011584e+03
7.444315871957319359e+03
7.444316638879626225e+03
7.444317405801934001e+03
7.444318172724240867e+03
7.444318939646548642e+03
7.444319706568856418e+03
7.444320473491163284e+03
7.444321240413471060e+03
7.444322007335778835e+03
7.444322774258085701e+03
7.444323541180393477e+03
7.444324308102701252e+03
7.444325075025008118e+03
7.444325841947315894e+03
7.444326608869622760e+03
7.444327375791930535e+03
7.444328142714238311e+03
7.444328909636545177e+03
7.444329676558852952e+03
7.444330443481160728e+03
7.444331210403467594e+03
7.444331977325775370e+03
7.444332744248082236e+03
7.444333511170390011e+03
7.444334278092697787e+03
7.444335045015004653e+03
7.444335811937312428e+03
7.444336578859620204e+03
7.444337345781927070e+03
7.444338112704234845e+03
7.444338879626541711e+03
7.444339646548849487e+03
7.444340413471157262e+03
7.444341180393464128e+03
7.444341947315771904e+03
7.444342714238079679e+03
7.444343481160386546e+03
7.444344248082694321e+03
7.444345015005001187e+03
7.444345781927308963e+03
7.444346548849616738e+03
7.444347315771923604e+03
7.444348082694231380e+03
7.444348849616539155e+03
7.444349616538846021e+03
7.444350383461153797e+03
7.444351150383460663e+03
7.444351917305768438e+03
7.444352684228076214e+03
7.444353451150383080e+03
7.444354218072690855e+03
7.444354984994998631e+03
7.444355751917305497e+03
7.444356518839613273e+03
7.444357285761920139e+03
7.444358052684227914e+03
7.444358819606535690e+03
7.444359586528842556e+03
7.444360353451150331e+03
7.444361120373458107e+03
7.444361887295764973e+03
7.444362654218072748e+03
7.444363421140379614e+03
7.444364188062687390e+03
7.444364954984995165e+03
7.444365721907302031e+03
7.444366488829609807e+03
7.444367255751917583e+03
7.444368022674224449e+03
7.444368789596532224e+03
7.444369556518839090e+03
7.444370323441146866e+03
7.444371090363454641e+03
7.444371857285761507e+03
7.444372624208069283e+03
7.444373391130377058e+03
7.444374158052683924e+03
7.444374924974991700e+03
7.444375691897298566e+03
7.444376458819606341e+03
7.444377225741914117e+03
7.444377992664220983e+03
7.444378759586528759e+03
7.444379526508836534e+03
7.444380293431143400e+03
7.444381060353451176e+03
7.444381827275758951e+03
7.444382594198065817e+03
7.444383361120373593e+03
7.444384128042680459e+03
7.444384894964988234e+03
7.444385661887296010e+03
7.444386428809602876e+03
7.444387195731910651e+03
7.444387962654218427e+03
7.444388729576525293e+03
7.444389496498833068e+03
7.444390263421139935e+03
7.444391030343447710e+03
7.444391797265755486e+03
7.444392564188062352e+03
7.444393331110370127e+03
7.444394098032677903e+03
7.444394864954984769e+03
7.444395631877292544e+03
7.444396398799599410e+03
7.444397165721907186e+03
7.444397932644214961e+03
7.444398699566521827e+03
7.444399466488829603e+03
7.444400233411137378e+03
7.444401000333444244e+03
7.444401767255752020e+03
7.444402534178058886e+03
7.444403301100366662e+03
7.444404068022674437e+03
7.444404834944981303e+03
7.444405601867289079e+03
7.444406368789596854e+03
7.444407135711903720e+03
7.444407902634211496e+03
7.444408669556518362e+03
7.444409436478826137e+03
7.444410203401133913e+03
7.444410970323440779e+03
7.444411737245748554e+03
7.444412504168056330e+03
7.444413271090363196e+03
7.444414038012670972e+03
7.444414804934977838e+03
7.444415571857285613e+03
7.444416338779593389e+03
7.444417105701900255e+03
7.444417872624208030e+03
7.444418639546515806e+03
7.444419406468822672e+03
7.444420173391130447e+03
7.444420940313437313e+03
7.444421707235745089e+03
7.444422474158052864e+03
7.444423241080359730e+03
7.444424008002667506e+03
7.444424774924975281e+03
7.444425541847282148e+03
7.444426308769589923e+03
7.444427075691896789e+03
7.444427842614204565e+03
7.444428609536512340e+03
7.444429376458819206e+03
7.444430143381126982e+03
7.444430910303434757e+03
7.444431677225741623e+03
7.444432444148049399e+03
7.444433211070356265e+03
7.444433977992664040e+03
7.444434744914971816e+03
7.444435511837278682e+03
7.444436278759586457e+03
7.444437045681894233e+03
7.444437812604201099e+03
7.444438579526508875e+03
7.444439346448815741e+03
7.444440113371123516e+03
7.444440880293431292e+03
7.444441647215738158e+03
7.444442414138045933e+03
7.444443181060353709e+03
7.444443947982660575e+03
7.444444714904968350e+03
7.444445481827276126e+03
7.444446248749582992e+03
7.444447015671890767e+03
7.444447782594197633e+03
7.444448549516505409e+03
7.444449316438813185e+03
7.444450083361120051e+03
7.444450850283427826e+03
7.444451617205735602e+03
7.444452384128042468e+03
7.444453151050350243e+03
7.444453917972657109e+03
7.444454684894964885e+03
7.444455451817272660e+03
7.444456218739579526e+03
7.444456985661887302e+03
7.444457752584195077e+03
7.444458519506501943e+03
7.444459286428809719e+03
7.444460053351116585e+03
7.444460820273424360e+03
7.444461587195732136e+03
7.444462354118039002e+03
7.444463121040346778e+03
7.444463887962654553e+03
7.444464654884961419e+03
7.444465421807269195e+03
7.444466188729576061e+03
7.444466955651883836e+03
7.444467722574191612e+03
7.444468489496498478e+03
7.444469256418806253e+03
7.444470023341114029e+03
7.444470790263420895e+03
7.444471557185728670e+03
7.444472324108035536e+03
7.444473091030343312e+03
7.444473857952651088e+03
7.444474624874957954e+03
7.444475391797265729e+03
7.444476158719573505e+03
7.444476925641880371e+03
7.444477692564188146e+03
7.444478459486495012e+03
7.444479226408802788e+03
7.444479993331110563e+03
7.444480760253417429e+03
7.444481527175725205e+03
7.444482294098032980e+03
7.444483061020339846e+03
7.444483827942647622e+03
7.444484594864954488e+03
7.444485361787262264e+03
7.444486128709570039e+03
7.444486895631876905e+03
7.444487662554184681e+03
7.444488429476492456e+03
7.444489196398799322e+03
7.444489963321107098e+03
7.444490730243413964e+03
7.444491497165721739e+03
7.444492264088029515e+03
7.444493031010336381e+03
7.444493797932644156e+03
7.444494564854951932e+03
7.444495331777258798e+03
7.444496098699566573e+03
7.444496865621873440e+03
7.444497632544181215e+03
7.444498399466488991e+03
7.444499166388795857e+03
7.444499933311103632e+03
7.444500700233411408e+03
7.444501467155718274e+03
7.444502234078026049e+03
7.444503001000332915e+03
7.444503767922640691e+03
7.444504534844948466e+03
7.444505301767255332e+03
7.444506068689563108e+03
7.444506835611870883e+03
7.444507602534177749e+03
7.444508369456485525e+03
7.444509136378793301e+03
7.444509903301100167e+03
7.444510670223407942e+03
7.444511437145714808e+03
7.444512204068022584e+03
7.444512970990330359e+03
7.444513737912637225e+03
7.444514504834945001e+03
7.444515271757252776e+03
7.444516038679559642e+03
7.444516805601867418e+03
7.444517572524174284e+03
7.444518339446482059e+03
7.444519106368789835e+03
7.444519873291096701e+03
7.444520640213404477e+03
7.444521407135712252e+03
7.444522174058019118e+03
7.444522940980326894e+03
7.444523707902633760e+03
7.444524474824941535e+03
7.444525241747249311e+03
7.444526008669556177e+03
7.444526775591863952e+03
7.444527542514171728e+03
7.444528309436478594e+03
7.444529076358786369e+03
7.444529843281093235e+03
7.444530610203401011e+03
7.444531377125708786e+03
7.444532144048015653e+03
7.444532910970323428e+03
7.444533677892631204e+03
7.444534444814938070e+03
7.444535211737245845e+03
7.444535978659552711e+03
7.444536745581860487e+03
7.444537512504168262e+03
7.444538279426475128e+03
7.444539046348782904e+03
7.444539813271090679e+03
7.444540580193397545e+03
7.444541347115705321e+03
7.444542114038012187e+03
7.444542880960319962e+03
7.444543647882627738e+03
7.444544414804934604e+03
7.444545181727242380e+03
7.444545948649550155e+03
7.444546715571857021e+03
7.444547482494164797e+03
7.444548249416471663e+03
7.444549016338779438e+03
7.444549783261087214e+03
7.444550550183394080e+03
7.444551317105701855e+03
7.444552084028009631e+03
7.444552850950316497e+03
7.444553617872624272e+03
7.444554384794931138e+03
7.444555151717238914e+03
7.444555918639546690e+03
7.444556685561853556e+03
7.444557452484161331e+03
7.444558219406469107e+03
7.444558986328775973e+03
7.444559753251083748e+03
7.444560520173390614e+03
7.444561287095698390e+03
7.444562054018006165e+03
7.444562820940313031e+03
7.444563587862620807e+03
7.444564354784928582e+03
7.444565121707235448e+03
7.444565888629543224e+03
7.444566655551850090e+03
7.444567422474157866e+03
7.444568189396465641e+03
7.444568956318772507e+03
7.444569723241080283e+03
7.444570490163388058e+03
7.444571257085694924e+03
7.444572024008002700e+03
7.444572790930310475e+03
7.444573557852617341e+03
7.444574324774925117e+03
7.444575091697231983e+03
7.444575858619539758e+03
7.444576625541847534e+03
7.444577392464154400e+03
7.444578159386462175e+03
7.444578926308769951e+03
7.444579693231076817e+03
7.444580460153384593e+03
7.444581227075691459e+03
7.444581993997999234e+03
7.444582760920307010e+03
7.444583527842613876e+03
7.444584294764921651e+03
7.444585061687229427e+03
7.444585828609536293e+03
7.444586595531844068e+03
7.444587362454150934e+03
7.444588129376458710e+03
7.444588896298766485e+03
7.444589663221073351e+03
7.444590430143381127e+03
7.444591197065688903e+03
7.444591963987995769e+03
7.444592730910303544e+03
7.444593497832610410e+03
7.444594264754918186e+03
7.444595031677225961e+03
7.444595798599532827e+03
7.444596565521840603e+03
7.444597332444148378e+03
7.444598099366455244e+03
7.444598866288763020e+03
7.444599633211069886e+03
7.444600400133377661e+03
7.444601167055685437e+03
7.444601933977992303e+03
7.444602700900300079e+03
7.444603467822607854e+03
7.444604234744914720e+03
7.444605001667222496e+03
7.444605768589529362e+03
7.444606535511837137e+03
7.444607302434144913e+03
7.444608069356451779e+03
7.444608836278759554e+03
7.444609603201067330e+03
7.444610370123374196e+03
7.444611137045681971e+03
7.444611903967988837e+03
7.444612670890296613e+03
7.444613437812604388e+03
7.444614204734911254e+03
7.444614971657219030e+03
7.444615738579526806e+03
7.444616505501833672e+03
7.444617272424141447e+03
7.444618039346448313e+03
7.444618806268756089e+03
7.444619573191063864e+03
7.444620340113370730e+03
7.444621107035678506e+03
7.444621873957986281e+03
7.444622640880293147e+03
7.444623407802600923e+03
7.444624174724907789e+03
7.444624941647215564e+03
7.444625708569523340e+03
7.444626475491830206e+03
7.444627242414137982e+03
7.444628009336445757e+03
7.444628776258752623e+03
7.444629543181060399e+03
7.444630310103368174e+03
7.444631077025675040e+03
7.444631843947982816e+03
7.444632610870289682e+03
7.444633377792597457e+03
7.444634144714905233e+03
7.444634911637212099e+03
7.444635678559519874e+03
7.444636445481827650e+03
7.444637212404134516e+03
7.444637979326442291e+03
7.444638746248749158e+03
7.444639513171056933e+03
7.444640280093364709e+03
7.444641047015671575e+03
7.444641813937979350e+03
7.444642580860287126e+03
7.444643347782593992e+03
7.444644114704901767e+03
7.444644881627208633e+03
7.444645648549516409e+03
7.444646415471824184e+03
7.444647182394131050e+03
7.444647949316438826e+03
7.444648716238746601e+03
7.444649483161053467e+03
7.444650250083361243e+03
7.444651017005668109e+03
7.444651783927975885e+03
7.444652550850283660e+03
7.444653317772590526e+03
7.444654084694898302e+03
7.444654851617206077e+03
7.444655618539512943e+03
7.444656385461820719e+03
7.444657152384127585e+03
7.444657919306435360e+03
7.444658686228743136e+03
7.444659453151050002e+03
7.444660220073357777e+03
7.444660986995665553e+03
7.444661753917972419e+03
7.444662520840280195e+03
7.444663287762587061e+03
7.444664054684894836e+03
7.444664821607202612e+03
7.444665588529509478e+03
7.444666355451817253e+03
7.444667122374125029e+03
7.444667889296431895e+03
7.444668656218739670e+03
7.444669423141046536e+03
7.444670190063354312e+03
7.444670956985662087e+03
7.444671723907968953e+03
7.444672490830276729e+03
7.444673257752584504e+03
7.444674024674891371e+03
7.444674791597199146e+03
7.444675558519506012e+03
7.444676325441813788e+03
7.444677092364121563e+03
7.444677859286428429e+03
7.444678626208736205e+03
7.444679393131043980e+03
7.444680160053350846e+03
7.444680926975658622e+03
7.444681693897965488e+03
7.444682460820273263e+03
7.444683227742581039e+03
7.444683994664887905e+03
7.444684761587195680e+03
7.444685528509503456e+03
7.444686295431810322e+03
7.444687062354118098e+03
7.444687829276424964e+03
7.444688596198732739e+03
7.444689363121040515e+03
7.444690130043347381e+03
7.444690896965655156e+03
7.444691663887962932e+03
7.444692430810269798e+03
7.444693197732577573e+03
7.444693964654885349e+03
7.444694731577192215e+03
7.444695498499499990e+03
7.444696265421806856e+03
7.444697032344114632e+03
7.444697799266422408e+03
7.444698566188729274e+03
7.444699333111037049e+03
7.444700100033344825e+03
7.444700866955651691e+03
7.444701633877959466e+03
7.444702400800266332e+03
7.444703167722574108e+03
7.444703934644881883e+03
7.444704701567188749e+03
7.444705468489496525e+03
7.444706235411804300e+03
7.444707002334111166e+03
7.444707769256418942e+03
7.444708536178725808e+03
7.444709303101033584e+03
7.444710070023341359e+03
7.444710836945648225e+03
7.444711603867956001e+03
7.444712370790263776e+03
7.444713137712570642e+03
7.444713904634878418e+03
7.444714671557185284e+03
7.444715438479493059e+03
7.444716205401800835e+03
7.444716972324107701e+03
7.444717739246415476e+03
7.444718506168723252e+03
7.444719273091030118e+03
7.444720040013337893e+03
7.444720806935644760e+03
7.444721573857952535e+03
7.444722340780260311e+03
7.444723107702567177e+03
7.444723874624874952e+03
7.444724641547182728e+03
7.444725408469489594e+03
7.444726175391797369e+03
7.444726942314104235e+03
7.444727709236412011e+03
7.444728476158719786e+03
7.444729243081026652e+03
7.444730010003334428e+03
7.444730776925642203e+03
7.444731543847949069e+03
7.444732310770256845e+03
7.444733077692563711e+03
7.444733844614871487e+03
7.444734611537179262e+03
7.444735378459486128e+03
7.444736145381793904e+03
7.444736912304101679e+03
7.444737679226408545e+03
7.444738446148716321e+03
7.444739213071023187e+03
7.444739979993330962e+03
7.444740746915638738e+03
7.444741513837945604e+03
7.444742280760253379e+03
7.444743047682561155e+03
7.444743814604868021e+03
7.444744581527175797e+03
7.444745348449482663e+03
7.444746115371790438e+03
7.444746882294098214e+03
7.444747649216405080e+03
7.444748416138712855e+03
7.444749183061020631e+03
7.444749949983327497e+03
7.444750716905635272e+03
7.444751483827942138e+03
7.444752250750249914e+03
7.444753017672557689e+03
7.444753784594864555e+03
7.444754551517172331e+03
7.444755318439480106e+03
7.444756085361786972e+03
7.444756852284094748e+03
7.444757619206402524e+03
7.444758386128709390e+03
7.444759153051017165e+03
7.444759919973324031e+03
7.444760686895631807e+03
7.444761453817939582e+03
7.444762220740246448e+03
7.444762987662554224e+03
7.444763754584861999e+03
7.444764521507168865e+03
7.444765288429476641e+03
7.444766055351783507e+03
7.444766822274091282e+03
7.444767589196399058e+03
7.444768356118705924e+03
7.444769123041013700e+03
7.444769889963321475e+03
7.444770656885628341e+03
7.444771423807936117e+03
7.444772190730242983e+03
7.444772957652550758e+03
7.444773724574858534e+03
7.444774491497165400e+03
7.444775258419473175e+03
7.444776025341780951e+03
7.444776792264087817e+03
7.444777559186395592e+03
7.444778326108702458e+03
7.444779093031010234e+03
7.444779859953318010e+03
7.444780626875624876e+03
7.444781393797932651e+03
7.444782160720240427e+03
7.444782927642547293e+03
7.444783694564855068e+03
7.444784461487161934e+03
7.444785228409469710e+03
7.444785995331777485e+03
7.444786762254084351e+03
7.444787529176392127e+03
7.444788296098699902e+03
7.444789063021006768e+03
7.444789829943314544e+03
7.444790596865621410e+03
7.444791363787929185e+03
7.444792130710236961e+03
7.444792897632543827e+03
7.444793664554851603e+03
7.444794431477159378e+03
7.444795198399466244e+03
7.444795965321774020e+03
7.444796732244080886e+03
7.444797499166388661e+03
7.444798266088696437e+03
7.444799033011003303e+03
7.444799799933311078e+03
7.444800566855618854e+03
7.444801333777925720e+03
7.444802100700233495e+03
7.444802867622540361e+03
7.444803634544848137e+03
7.444804401467155913e+03
7.444805168389462779e+03
7.444805935311770554e+03
7.444806702234078330e+03
7.444807469156385196e+03
7.444808236078692971e+03
7.444809003000999837e+03
7.444809769923307613e+03
7.444810536845615388e+03
7.444811303767922254e+03
7.444812070690230030e+03
7.444812837612537805e+03
7.444813604534844671e+03
7.444814371457152447e+03
7.444815138379459313e+03
7.444815905301767089e+03
7.444816672224074864e+03
7.444817439146381730e+03
7.444818206068689506e+03
7.444818972990997281e+03
7.444819739913304147e+03
7.444820506835611923e+03
7.444821273757919698e+03
7.444822040680226564e+03
7.444822807602534340e+03
7.444823574524841206e+03
7.444824341447148981e+03
7.444825108369456757e+03
7.444825875291763623e+03
7.444826642214071398e+03
7.444827409136379174e+03
7.444828176058686040e+03
7.444828942980993816e+03
7.444829709903300682e+03
7.444830476825608457e+03
7.444831243747916233e+03
7.444832010670223099e+03
7.444832777592530874e+03
7.444833544514838650e+03
7.444834311437145516e+03
7.444835078359453291e+03
7.444835845281760157e+03
7.444836612204067933e+03
7.444837379126375708e+03
7.444838146048682574e+03
7.444838912970990350e+03
7.444839679893298126e+03
7.444840446815604992e+03
7.444841213737912767e+03
7.444841980660219633e+03
7.444842747582527409e+03
7.444843514504835184e+03
7.444844281427142050e+03
7.444845048349449826e+03
7.444845815271757601e+03
7.444846582194064467e+03
7.444847349116372243e+03
7.444848116038679109e+03
7.444848882960986884e+03
7.444849649883294660e+03
7.444850416805601526e+03
7.444851183727909302e+03
7.444851950650217077e+03
7.444852717572523943e+03
7.444853484494831719e+03
7.444854251417138585e+03
7.444855018339446360e+03
7.444855785261754136e+03
7.444856552184061002e+03
7.444857319106368777e+03
7.444858086028676553e+03
7.444858852950983419e+03
7.444859619873291194e+03
7.444860386795598060e+03
7.444861153717905836e+03
7.444861920640213611e+03
7.444862687562520478e+03
7.444863454484828253e+03
7.444864221407136029e+03
7.444864988329442895e+03
7.444865755251750670e+03
7.444866522174057536e+03
7.444867289096365312e+03
7.444868056018673087e+03
7.444868822940979953e+03
7.444869589863287729e+03
7.444870356785595504e+03
7.444871123707902370e+03
7.444871890630210146e+03
7.444872657552517012e+03
7.444873424474824787e+03
7.444874191397132563e+03
7.444874958319439429e+03
7.444875725241747205e+03
7.444876492164054980e+03
7.444877259086361846e+03
7.444878026008669622e+03
7.444878792930977397e+03
7.444879559853284263e+03
7.444880326775592039e+03
7.444881093697898905e+03
7.444881860620206680e+03
7.444882627542514456e+03
7.444883394464821322e+03
7.444884161387129097e+03
7.444884928309436873e+03
7.444885695231743739e+03
7.444886462154051515e+03
7.444887229076358381e+03
7.444887995998666156e+03
7.444888762920973932e+03
7.444889529843280798e+03
7.444890296765588573e+03
7.444891063687896349e+03
7.444891830610203215e+03
7.444892597532510990e+03
7.444893364454817856e+03
7.444894131377125632e+03
7.444894898299433407e+03
7.444895665221740273e+03
7.444896432144048049e+03
7.444897199066355824e+03
7.444897965988662691e+03
7.444898732910970466e+03
7.444899499833277332e+03
7.444900266755585108e+03
7.444901033677892883e+03
7.444901800600199749e+03
7.444902567522507525e+03
7.444903334444815300e+03
7.444904101367122166e+03
7.444904868289429942e+03
7.444905635211736808e+03
7.444906402134044583e+03
7.444907169056352359e+03
7.444907935978659225e+03
7.444908702900967000e+03
7.444909469823274776e+03
7.444910236745581642e+03
7.444911003667889418e+03
7.444911770590196284e+03
7.444912537512504059e+03
7.444913304434811835e+03
7.444914071357118701e+03
7.444914838279426476e+03
7.444915605201734252e+03
7.444916372124041118e+03
7.444917139046348893e+03
7.444917905968655759e+03
7.444918672890963535e+03
7.444919439813271310e+03
7.444920206735578176e+03
7.444920973657885952e+03
7.444921740580193728e+03
7.444922507502500594e+03
7.444923274424808369e+03
7.444924041347115235e+03
7.444924808269423011e+03
7.444925575191730786e+03
7.444926342114037652e+03
7.444927109036345428e+03
7.444927875958653203e+03
7.444928642880960069e+03
7.444929409803267845e+03
7.444930176725574711e+03
7.444930943647882486e+03
7.444931710570190262e+03
7.444932477492497128e+03
7.444933244414804903e+03
7.444934011337112679e+03
7.444934778259419545e+03
7.444935545181727321e+03
7.444936312104034187e+03
7.444937079026341962e+03
7.444937845948649738e+03
7.444938612870956604e+03
7.444939379793264379e+03
7.444940146715572155e+03
7.444940913637879021e+03
7.444941680560186796e+03
7.444942447482494572e+03
7.444943214404801438e+03
7.444943981327109213e+03
7.444944748249416079e+03
7.444945515171723855e+03
7.444946282094031631e+03
7.444947049016338497e+03
7.444947815938646272e+03
7.444948582860954048e+03
7.444949349783260914e+03
7.444950116705568689e+03
7.444950883627875555e+03
7.444951650550183331e+03
7.444952417472491106e+03
7.444953184394797972e+03
7.444953951317105748e+03
7.444954718239413523e+03
7.444955485161720389e+03
7.444956252084028165e+03
7.444957019006335031e+03
7.444957785928642807e+03
7.444958552850950582e+03
7.444959319773257448e+03
7.444960086695565224e+03
7.444960853617872999e+03
7.444961620540179865e+03
7.444962387462487641e+03
7.444963154384794507e+03
7.444963921307102282e+03
7.444964688229410058e+03
7.444965455151716924e+03
7.444966222074024699e+03
7.444966988996332475e+03
7.444967755918639341e+03
7.444968522840947116e+03
7.444969289763253983e+03
7.444970056685561758e+03
7.444970823607869534e+03
7.444971590530176400e+03
7.444972357452484175e+03
7.444973124374791951e+03
7.444973891297098817e+03
7.444974658219406592e+03
7.444975425141713458e+03
7.444976192064021234e+03
7.444976958986329009e+03
7.444977725908635875e+03
7.444978492830943651e+03
7.444979259753251426e+03
7.444980026675558292e+03
7.444980793597866068e+03
7.444981560520172934e+03
7.444982327442480710e+03
7.444983094364788485e+03
7.444983861287095351e+03
7.444984628209403127e+03
7.444985395131710902e+03
7.444986162054017768e+03
7.444986928976325544e+03
7.444987695898632410e+03
7.444988462820940185e+03
7.444989229743247961e+03
7.444989996665554827e+03
7.444990763587862602e+03
7.444991530510170378e+03
7.444992297432477244e+03
7.444993064354785020e+03
7.444993831277091886e+03
7.444994598199399661e+03
7.444995365121707437e+03
7.444996132044014303e+03
7.444996898966322078e+03
7.444997665888629854e+03
7.444998432810936720e+03
7.444999199733244495e+03
7.444999966655551361e+03
7.445000733577859137e+03
7.445001500500166912e+03
7.445002267422473778e+03
7.445003034344781554e+03
7.445003801267089329e+03
7.445004568189396196e+03
7.445005335111703971e+03
7.445006102034011747e+03
7.445006868956318613e+03
7.445007635878626388e+03
7.445008402800933254e+03
7.445009169723241030e+03
7.445009936645548805e+03
7.445010703567855671e+03
7.445011470490163447e+03
7.445012237412471222e+03
7.445013004334778088e+03
7.445013771257085864e+03
7.445014538179392730e+03
7.445015305101700505e+03
7.445016072024008281e+03
7.445016838946315147e+03
7.445017605868622923e+03
7.445018372790930698e+03
7.445019139713237564e+03
7.445019906635545340e+03
7.445020673557852206e+03
7.445021440480159981e+03
7.445022207402467757e+03
7.445022974324774623e+03
7.445023741247082398e+03
7.445024508169390174e+03
7.445025275091697040e+03
7.445026042014004815e+03
7.445026808936311681e+03
7.445027575858619457e+03
7.445028342780927233e+03
7.445029109703234099e+03
7.445029876625541874e+03
7.445030643547849650e+03
7.445031410470156516e+03
7.445032177392464291e+03
7.445032944314771157e+03
7.445033711237078933e+03
7.445034478159386708e+03
7.445035245081693574e+03
7.445036012004001350e+03
7.445036778926309125e+03
7.445037545848615991e+03
7.445038312770923767e+03
7.445039079693230633e+03
7.445039846615538409e+03
7.445040613537846184e+03
7.445041380460153050e+03
7.445042147382460826e+03
7.445042914304768601e+03
7.445043681227075467e+03
7.445044448149383243e+03
7.445045215071690109e+03
7.445045981993997884e+03
7.445046748916305660e+03
7.445047515838612526e+03
7.445048282760920301e+03
7.445049049683228077e+03
7.445049816605534943e+03
7.445050583527842718e+03
7.445051350450149585e+03
7.445052117372457360e+03
7.445052884294765136e+03
7.445053651217072002e+03
7.445054418139379777e+03
7.445055185061687553e+03
7.445055951983994419e+03
7.445056718906302194e+03
7.445057485828609060e+03
7.445058252750916836e+03
7.445059019673224611e+03
7.445059786595531477e+03
7.445060553517839253e+03
7.445061320440147028e+03
7.445062087362453894e+03
7.445062854284761670e+03
7.445063621207068536e+03
7.445064388129376312e+03
7.445065155051684087e+03
7.445065921973990953e+03
7.445066688896298729e+03
7.445067455818606504e+03
7.445068222740913370e+03
7.445068989663221146e+03
7.445069756585528921e+03
7.445070523507835787e+03
7.445071290430143563e+03
7.445072057352450429e+03
7.445072824274758204e+03
7.445073591197065980e+03
7.445074358119372846e+03
7.445075125041680622e+03
7.445075891963988397e+03
7.445076658886295263e+03
7.445077425808603039e+03
7.445078192730909905e+03
7.445078959653217680e+03
7.445079726575525456e+03
7.445080493497832322e+03
7.445081260420140097e+03
7.445082027342447873e+03
7.445082794264754739e+03
7.445083561187062514e+03
7.445084328109369380e+03
7.445085095031677156e+03
7.445085861953984931e+03
7.445086628876291797e+03
7.445087395798599573e+03
7.445088162720907349e+03
7.445088929643214215e+03
7.445089696565521990e+03
7.445090463487828856e+03
7.445091230410136632e+03
7.445091997332444407e+03
7.445092764254751273e+03
7.445093531177059049e+03
7.445094298099366824e+03
7.445095065021673690e+03
7.445095831943981466e+03
7.445096598866288332e+03
7.445097365788596107e+03
7.445098132710903883e+03
7.445098899633210749e+03
7.445099666555518525e+03
7.445100433477826300e+03
7.445101200400133166e+03
7.445101967322440942e+03
7.445102734244747808e+03
7.445103501167055583e+03
7.445104268089363359e+03
7.445105035011670225e+03
7.445105801933978000e+03
7.445106568856285776e+03
7.445107335778592642e+03
7.445108102700900417e+03
7.445108869623207283e+03
7.445109636545515059e+03
7.445110403467822835e+03
7.445111170390129701e+03
7.445111937312437476e+03
7.445112704234745252e+03
7.445113471157052118e+03
7.445114238079359893e+03
7.445115005001666759e+03
7.445115771923974535e+03
7.445116538846282310e+03
7.445117305768589176e+03
7.445118072690896952e+03
7.445118839613204727e+03
7.445119606535511593e+03
7.445120373457819369e+03
7.445121140380126235e+03
7.445121907302434010e+03
7.445122674224741786e+03
7.445123441147048652e+03
7.445124208069356428e+03
7.445124974991664203e+03
7.445125741913971069e+03
7.445126508836278845e+03
7.445127275758586620e+03
7.445128042680893486e+03
7.445128809603201262e+03
7.445129576525508128e+03
7.445130343447815903e+03
7.445131110370123679e+03
7.445131877292430545e+03
7.445132644214738320e+03
7.445133411137046096e+03
7.445134178059352962e+03
7.445134944981660738e+03
7.445135711903967604e+03
7.445136478826275379e+03
7.445137245748583155e+03
7.445138012670890021e+03
7.445138779593197796e+03
7.445139546515505572e+03
7.445140313437812438e+03
7.445141080360120213e+03
7.445141847282427079e+03
7.445142614204734855e+03
7.445143381127042630e+03
7.445144148049349496e+03
7.445144914971657272e+03
7.445145681893965047e+03
7.445146448816271914e+03
7.445147215738579689e+03
7.445147982660886555e+03
7.445148749583194331e+03
7.445149516505502106e+03
7.445150283427808972e+03
7.445151050350116748e+03
7.445151817272424523e+03
7.445152584194731389e+03
7.445153351117039165e+03
7.445154118039346031e+03
7.445154884961653806e+03
7.445155651883961582e+03
7.445156418806268448e+03
7.445157185728576223e+03
7.445157952650883999e+03
7.445158719573190865e+03
7.445159486495498641e+03
7.445160253417805507e+03
7.445161020340113282e+03
7.445161787262421058e+03
7.445162554184727924e+03
7.445163321107035699e+03
7.445164088029343475e+03
7.445164854951650341e+03
7.445165621873958116e+03
7.445166388796264982e+03
7.445167155718572758e+03
7.445167922640880533e+03
7.445168689563187399e+03
7.445169456485495175e+03
7.445170223407802951e+03
7.445170990330109817e+03
7.445171757252417592e+03
7.445172524174724458e+03
7.445173291097032234e+03
7.445174058019340009e+03
7.445174824941646875e+03
7.445175591863954651e+03
7.445176358786262426e+03
7.445177125708569292e+03
7.445177892630877068e+03
7.445178659553183934e+03
7.445179426475491709e+03
7.445180193397799485e+03
7.445180960320106351e+03
7.445181727242414127e+03
7.445182494164721902e+03
7.445183261087028768e+03
7.445184028009336544e+03
7.445184794931643410e+03
7.445185561853951185e+03
7.445186328776258961e+03
7.445187095698565827e+03
7.445187862620873602e+03
7.445188629543181378e+03
7.445189396465488244e+03
7.445190163387796019e+03
7.445190930310103795e+03
7.445191697232410661e+03
7.445192464154718436e+03
7.445193231077025303e+03
7.445193997999333078e+03
7.445194764921640854e+03
7.445195531843947720e+03
7.445196298766255495e+03
7.445197065688563271e+03
7.445197832610870137e+03
7.445198599533177912e+03
7.445199366455484778e+03
7.445200133377792554e+03
7.445200900300100329e+03
7.445201667222407195e+03
7.445202434144714971e+03
7.445203201067022746e+03
7.445203967989329612e+03
7.445204734911637388e+03
7.445205501833944254e+03
7.445206268756252030e+03
7.445207035678559805e+03
7.445207802600866671e+03
7.445208569523174447e+03
7.445209336445482222e+03
7.445210103367789088e+03
7.445210870290096864e+03
7.445211637212403730e+03
7.445212404134711505e+03
7.445213171057019281e+03
7.445213937979326147e+03
7.445214704901633922e+03
7.445215471823941698e+03
7.445216238746248564e+03
7.445217005668556340e+03
7.445217772590863206e+03
7.445218539513170981e+03
7.445219306435478757e+03
7.445220073357785623e+03
7.445220840280093398e+03
7.445221607202401174e+03
7.445222374124708040e+03
7.445223141047015815e+03
7.445223907969322681e+03
7.445224674891630457e+03
7.445225441813938232e+03
7.445226208736245098e+03
7.445226975658552874e+03
7.445227742580860649e+03
7.445228509503167516e+03
7.445229276425475291e+03
7.445230043347782157e+03
7.445230810270089933e+03
7.445231577192397708e+03
7.445232344114704574e+03
7.445233111037012350e+03
7.445233877959320125e+03
7.445234644881626991e+03
7.445235411803934767e+03
7.445236178726241633e+03
7.445236945648549408e+03
7.445237712570857184e+03
7.445238479493164050e+03
7.445239246415471825e+03
7.445240013337779601e+03
7.445240780260086467e+03
7.445241547182394243e+03
7.445242314104701109e+03
7.445243081027008884e+03
7.445243847949316660e+03
7.445244614871623526e+03
7.445245381793931301e+03
7.445246148716239077e+03
7.445246915638545943e+03
7.445247682560853718e+03
7.445248449483160584e+03
7.445249216405468360e+03
7.445249983327776135e+03
7.445250750250083001e+03
7.445251517172390777e+03
7.445252284094698553e+03
7.445253051017005419e+03
7.445253817939313194e+03
7.445254584861620970e+03
7.445255351783927836e+03
7.445256118706235611e+03
7.445256885628542477e+03
7.445257652550850253e+03
7.445258419473158028e+03
7.445259186395464894e+03
7.445259953317772670e+03
7.445260720240080445e+03
7.445261487162387311e+03
7.445262254084695087e+03
7.445263021007001953e+03
7.445263787929309728e+03
7.445264554851617504e+03
7.445265321773924370e+03
7.445266088696232146e+03
7.445266855618539921e+03
7.445267622540846787e+03
7.445268389463154563e+03
7.445269156385461429e+03
7.445269923307769204e+03
7.445270690230076980e+03
7.445271457152383846e+03
7.445272224074691621e+03
7.445272990996999397e+03
7.445273757919306263e+03
7.445274524841614038e+03
7.445275291763920904e+03
7.445276058686228680e+03
7.445276825608536456e+03
7.445277592530843322e+03
7.445278359453151097e+03
7.445279126375458873e+03
7.445279893297765739e+03
7.445280660220073514e+03
7.445281427142380380e+03
7.445282194064688156e+03
7.445282960986995931e+03
7.445283727909302797e+03
7.445284494831610573e+03
7.445285261753918348e+03
7.445286028676225214e+03
7.445286795598532990e+03
7.445287562520839856e+03
7.445288329443147632e+03
7.445289096365455407e+03
7.445289863287762273e+03
7.445290630210070049e+03
7.445291397132377824e+03
7.445292164054684690e+03
7.445292930976992466e+03
7.445293697899299332e+03
7.445294464821607107e+03
7.445295231743914883e+03
7.445295998666221749e+03
7.445296765588529524e+03
7.445297532510837300e+03
7.445298299433144166e+03
7.445299066355451941e+03
7.445299833277758808e+03
7.445300600200066583e+03
7.445301367122374359e+03
7.445302134044681225e+03
7.445302900966989000e+03
7.445303667889296776e+03
7.445304434811603642e+03
7.445305201733911417e+03
7.445305968656218283e+03
7.445306735578526059e+03
7.445307502500833834e+03
7.445308269423140700e+03
7.445309036345448476e+03
7.445309803267756251e+03
7.445310570190063117e+03
7.445311337112370893e+03
7.445312104034677759e+03
7.445312870956985535e+03
7.445313637879293310e+03
7.445314404801600176e+03
7.445315171723907952e+03
7.445315938646215727e+03
7.445316705568522593e+03
7.445317472490830369e+03
7.445318239413138144e+03
7.445319006335445010e+03
7.445319773257752786e+03
7.445320540180059652e+03
7.445321307102367427e+03
7.445322074024675203e+03
7.445322840946982069e+03
7.445323607869289845e+03
7.445324374791597620e+03
7.445325141713904486e+03
7.445325908636212262e+03
7.445326675558519128e+03
7.445327442480826903e+03
7.445328209403134679e+03
7.445328976325441545e+03
7.445329743247749320e+03
7.445330510170057096e+03
7.445331277092363962e+03
7.445332044014671737e+03
7.445332810936978603e+03
7.445333577859286379e+03
7.445334344781594154e+03
7.445335111703901021e+03
7.445335878626208796e+03
7.445336645548516572e+03
7.445337412470823438e+03
7.445338179393131213e+03
7.445338946315438079e+03
7.445339713237745855e+03
7.445340480160053630e+03
7.445341247082360496e+03
7.445342014004668272e+03
7.445342780926976047e+03
7.445343547849282913e+03
7.445344314771590689e+03
7.445345081693897555e+03
7.445345848616205330e+03
7.445346615538513106e+03
7.445347382460819972e+03
7.445348149383127748e+03
7.445348916305435523e+03
7.445349683227742389e+03
7.445350450150050165e+03
7.445351217072357031e+03
7.445351983994664806e+03
7.445352750916972582e+03
7.445353517839279448e+03
7.445354284761587223e+03
7.445355051683894999e+03
7.445355818606201865e+03
7.445356585528509640e+03
7.445357352450816506e+03
7.445358119373124282e+03
7.445358886295432058e+03
7.445359653217738924e+03
7.445360420140046699e+03
7.445361187062354475e+03
7.445361953984661341e+03
7.445362720906969116e+03
7.445363487829275982e+03
7.445364254751583758e+03
7.445365021673891533e+03
7.445365788596198399e+03
7.445366555518506175e+03
7.445367322440813950e+03
7.445368089363120816e+03
7.445368856285428592e+03
7.445369623207735458e+03
7.445370390130043234e+03
7.445371157052351009e+03
7.445371923974657875e+03
7.445372690896965651e+03
7.445373457819273426e+03
7.445374224741580292e+03
7.445374991663888068e+03
7.445375758586195843e+03
7.445376525508502709e+03
7.445377292430810485e+03
7.445378059353117351e+03
7.445378826275425126e+03
7.445379593197732902e+03
7.445380360120039768e+03
7.445381127042347543e+03
7.445381893964655319e+03
7.445382660886962185e+03
7.445383427809269961e+03
7.445384194731576827e+03
7.445384961653884602e+03
7.445385728576192378e+03
7.445386495498499244e+03
7.445387262420807019e+03
7.445388029343114795e+03
7.445388796265421661e+03
7.445389563187729436e+03
7.445390330110036302e+03
7.445391097032344078e+03
7.445391863954651853e+03
7.445392630876958719e+03
7.445393397799266495e+03
7.445394164721574271e+03
7.445394931643881137e+03
7.445395698566188912e+03
7.445396465488495778e+03
7.445397232410803554e+03
7.445397999333111329e+03
7.445398766255418195e+03
7.445399533177725971e+03
7.445400300100033746e+03
7.445401067022340612e+03
7.445401833944648388e+03
7.445402600866955254e+03
7.445403367789263029e+03
7.445404134711570805e+03
7.445404901633877671e+03
7.445405668556185447e+03
7.445406435478493222e+03
7.445407202400800088e+03
7.445407969323107864e+03
7.445408736245414730e+03
7.445409503167722505e+03
7.445410270090030281e+03
7.445411037012337147e+03
7.445411803934644922e+03
7.445412570856952698e+03
7.445413337779259564e+03
7.445414104701567339e+03
7.445414871623874205e+03
7.445415638546181981e+03
7.445416405468489756e+03
7.445417172390796622e+03
7.445417939313104398e+03
7.445418706235412174e+03
7.445419473157719040e+03
7.445420240080026815e+03
7.445421007002333681e+03
7.445421773924641457e+03
7.445422540846949232e+03
7.445423307769256098e+03
7.445424074691563874e+03
7.445424841613871649e+03
7.445425608536178515e+03
7.445426375458486291e+03
7.445427142380793157e+03
7.445427909303100932e+03
7.445428676225408708e+03
7.445429443147715574e+03
7.445430210070023350e+03
7.445430976992331125e+03
7.445431743914637991e+03
7.445432510836945767e+03
7.445433277759252633e+03
7.445434044681560408e+03
7.445434811603868184e+03
7.445435578526175050e+03
7.445436345448482825e+03
7.445437112370790601e+03
7.445437879293097467e+03
7.445438646215405242e+03
7.445439413137713018e+03
7.445440180060019884e+03
7.445440946982327659e+03
7.445441713904634526e+03
7.445442480826942301e+03
7.445443247749250077e+03
7.445444014671556943e+03
7.445444781593864718e+03
7.445445548516172494e+03
7.445446315438479360e+03
7.445447082360787135e+03
7.445447849283094001e+03
7.445448616205401777e+03
7.445449383127709552e+03
7.445450150050016418e+03
7.445450916972324194e+03
7.445451683894631969e+03
7.445452450816938835e+03
7.445453217739246611e+03
7.445453984661553477e+03
7.445454751583861253e+03
7.445455518506169028e+03
7.445456285428475894e+03
7.445457052350783670e+03
7.445457819273091445e+03
7.445458586195398311e+03
7.445459353117706087e+03
7.445460120040012953e+03
7.445460886962320728e+03
7.445461653884628504e+03
7.445462420806935370e+03
7.445463187729243145e+03
7.445463954651550921e+03
7.445464721573857787e+03
7.445465488496165563e+03
7.445466255418472429e+03
7.445467022340780204e+03
7.445467789263087980e+03
7.445468556185394846e+03
7.445469323107702621e+03
7.445470090030010397e+03
7.445470856952317263e+03
7.445471623874625038e+03
7.445472390796931904e+03
7.445473157719239680e+03
7.445473924641547455e+03
7.445474691563854321e+03
7.445475458486162097e+03
7.445476225408469872e+03
7.445476992330776739e+03
7.445477759253084514e+03
7.445478526175391380e+03
7.445479293097699156e+03
7.445480060020006931e+03
7.445480826942313797e+03
7.445481593864621573e+03
7.445482360786929348e+03
7.445483127709236214e+03
7.445483894631543990e+03
7.445484661553850856e+03
7.445485428476158631e+03
7.445486195398466407e+03
7.445486962320773273e+03
7.445487729243081048e+03
7.445488496165388824e+03
7.445489263087695690e+03
7.445490030010003466e+03
7.445490796932310332e+03
7.445491563854618107e+03
7.445492330776925883e+03
7.445493097699232749e+03
7.445493864621540524e+03
7.445494631543848300e+03
7.445495398466155166e+03
7.445496165388462941e+03
7.445496932310769807e+03
7.445497699233077583e+03
7.445498466155385358e+03
7.445499233077692224e+03
7.445500000000000000e+03
