 11 7443.231800 2.710E-34 1.393E-01.00960.195 6096.45650.41-.003800         -2-2-2          0 2 0 17 -4 -4       17  0 17      14413342329671 543   105.0  105.0
 11 7443.239228 3.341E-31 9.188E-03.06010.391 3868.98680.56-.013908          0 4 1          0 2 0  6  6  0        5  4  1      34423343322871 4 7    39.0   33.0
 11 7443.241638 3.781E-32 6.473E-02.03610.315 4817.73580.02-.020380          0 0 3          0 0 1 10  1  9        9  2  8      34423343322871 4 7    63.0   57.0
 13 7443.253370 2.590E-26 4.696E-01.04680.295  737.62380.25-.018180          2 0 0          0 0 0  6  6  1        5  5  0      35754431198262 434   234.0  198.0
 11 7443.266883 3.529E-32 1.537E-01.05250.315 4783.64110.15-.018876          2 0 1          0 2 0 10  5  6        9  5  5      34423343322871 4 8    21.0   19.0
 11 7443.280050 6.455E-25 2.371E-01.05100.308 1411.64180.36-.017620          0 0 2          0 0 0  9  5  5        8  6  2      354643301828 3 4 8    19.0   17.0
 11 7443.282130 5.140E-27 5.789E-02.05350.250 2414.72340.39-.000120          2 0 0          0 0 0 13  6  7       13  3 10      34423343322971 4 9    81.0   81.0
 11 7443.309300 4.203E-31 8.051E+00.01740.195 5205.02640.410.000800         -2-2-2          0 1 0 18 -1 -1       17  3 15      14413342329671 543    37.0   35.0
 11 7443.352316 1.105E-31 9.111E-03.05890.391 3868.87280.53-.018152          0 4 1          0 2 0  6  6  1        5  4  2      34423343322871 4 8    13.0   11.0
 11 7443.370687 8.534E-28 4.239E-06.06890.352  704.21400.39-.003195          0 5 0          0 0 0  7  0  7        7  1  6      34423343322871 4 7    45.0   45.0
 11 7443.377200 3.888E-33 3.681E-03.03920.281 4469.80130.410.000000         -2-2-2          0 2 0 10 -1 -1       11  1 11      14413042329671 5 0    21.0   23.0
 11 7443.387015 8.447E-33 2.410E+00.08960.412 5510.91990.73-.008100          0 1 3          1 1 0  5  1  4        4  1  3      34423343322571 4 7    11.0    9.0
 11 7443.421400 6.529E-35 1.007E-01.01170.195 6096.45460.41-.001300         -2-2-2          0 2 0 17 -1 -1       17  1 17      14413342329671 543    35.0   35.0
 11 7443.471000 3.700E-35 1.219E-03.03450.208 5280.20800.380.009500         -2-2-2          0 1 0 15 -2 -2       16  4 12      14413342329671 543    31.0   33.0
 11 7443.490100 3.416E-32 9.336E-02.03240.235 4980.35890.36-.004600         -2-2-2          0 1 0 14 -3 -3       14  7  8      14413342329671 543    87.0   87.0
 11 7443.517566 7.670E-31 1.631E-03.06880.281 3441.03960.41-.011780          1 1 1          0 1 0 10  7  3       11  3  8      34423343323171 510    63.0   69.0
 11 7443.529300 1.787E-35 2.747E-01.01550.183 6580.96190.410.000000         -2-2-2          0 0 0 18 -2 -2       18 14  4      14413042329771 5 0    37.0   37.0
 11 7443.529300 5.360E-35 2.747E-01.01550.183 6580.96190.410.000000         -2-2-2          0 0 0 18 -4 -4       18 14  5      14413042329771 5 0   111.0  111.0
 11 7443.537348 4.283E-29 7.048E-02.08380.298 3162.25880.71-.004780          0 1 2          0 1 0 10  4  6       10  3  7      34423343322971 4 8    21.0   21.0
 11 7443.550992 6.127E-34 1.427E-02.02150.183 5256.11770.410.000000          1 1 1          0 0 0 19  1 18       18  9  9      34423043323271 5 0    39.0   37.0
 11 7443.587000 6.616E-34 2.925E-02.04620.281 5505.31840.41-.009000         -2-2-2          0 2 0 11 -4 -4       11  6  5      14413342329671 543    69.0   69.0
 11 7443.599573 1.286E-31 4.501E-02.07410.371 4195.81790.47-.005560          1 0 2          0 0 1  7  3  5        6  1  6      34423343322571 4 7    15.0   13.0
 11 7443.606139 1.127E-33 2.726E-01.04060.265 5887.76560.37-.029880          2 0 1          1 0 0 13  7  7       12  5  8      34423343322971 5 8    81.0   75.0
 11 7443.610500 1.259E-25 6.923E-01.09900.456 1693.64990.77-.007000          0 1 2          0 1 0  2  2  0        2  1  1      35424330182871 4 7     5.0    5.0
 11 7443.611469 1.118E-25 7.697E-01.03930.298 2054.36870.25-.019060          0 0 2          0 0 0 11  6  6       10  7  3      34423343322971 4 9    23.0   21.0
 11 7443.614500 1.411E-35 1.618E-03.00750.141 5604.07670.410.000000         -2-2-2          0 0 0 21 -2 -2       22  2 20      14413042329771 5 0    43.0   45.0
 11 7443.619600 1.418E-33 5.351E-04.08050.333 4259.94090.78-.008030          0 7 0          0 2 0  9  2  8        8  3  5      14423342322871 4 8    19.0   17.0
 11 7443.627050 1.249E-30 7.965E+00.02350.195 5204.74850.41-.022460          1 1 1          0 1 0 18  2 16       17  2 15      34423343323171 511   111.0  105.0
 11 7443.647390 1.683E-29 6.312E+00.02930.235 4585.34910.36-.029760          1 1 1          0 1 0 15  5 11       14  5 10      34423343322971 5 9    93.0   87.0
 11 7443.684037 3.476E-34 4.338E-02.03620.298 5473.81200.45-.027896          0 0 3          0 2 0 10  7  4       10  7  3      34423343322971 5 9    21.0   21.0
 11 7443.701559 6.865E-27 5.934E-04.02810.298 1114.53220.45-.019480          1 0 1          0 0 0  9  4  5       10  0 10      34423343323071 510    19.0   21.0
 11 7443.762600 1.689E-33 1.128E+00.05430.250 6111.58690.36-.027188          2 0 1          0 2 0 14  6  8       13  6  7      14423342322971 5 9    87.0   81.0
 11 7443.789000 6.129E-35 1.127E-03.00750.141 5245.80420.410.000000         -2-2-2          0 0 0 23 -1 -1       22  1 21      14413042329771 5 0    47.0   45.0
 11 7443.791400 3.485E-35 2.083E-03.07830.352 5505.16940.68-.005084          1 5 0          0 3 0  8  5  4        7  2  5      14423342322871 4 7    51.0   45.0
 11 7443.801000 6.897E-32 8.190E+00.00760.161 5611.33150.41-.025060          1 1 1          0 1 0 21  0 21       20  0 20      34423343323171 511    43.0   41.0
 11 7443.801000 2.378E-31 9.412E+00.01230.161 5611.33150.410.000000          1 1 1          0 1 0 21  1 21       20  1 20      34423043323271 5 0   129.0  123.0
 11 7443.805917 5.064E-27 9.701E-04.04930.281 1524.84790.40-.010200          0 0 2          0 0 0 10  4  7       11  1 10      34423343322871 4 8    63.0   69.0
 11 7443.827290 1.822E-26 6.745E-02.09290.391 2000.86300.83-.003720          0 1 2          0 1 0  5  2  3        5  1  4      34423343322571 4 7    33.0   33.0
 12 7443.848880 7.181E-27 7.865E-03.08980.445  505.72870.73-.009140          0 0 2          0 0 0  6  2  5        5  3  2      354643301825 3 4 7    39.0   33.0
 11 7443.860000 1.627E-35 1.126E-03.02490.195 5469.25100.41-.001200         -2-2-2          0 1 0 18 -2 -2       17  4 14      14413342329671 543    37.0   35.0
 11 7443.884860 1.454E-27 2.650E-02.08840.352 2392.59250.82-.006160          0 1 2          0 1 0  7  3  4        7  2  5      34423343322571 4 7    45.0   45.0
 11 7443.892100 1.388E-30 3.265E-03.01870.195 3567.04980.41-.001100         -2-2-2          0 0 0 17 -4 -4       17  2 15      14413342329671 543   105.0  105.0
 11 7443.921400 1.214E-30 2.763E-02.05540.265 3738.66360.390.007800         -2-2-2          0 1 0 12 -1 -1       12  3  9      14413342329671 543    25.0   25.0
 11 7443.943900 7.383E-33 2.712E-02.01550.183 4865.24560.410.000000         -2-2-2          0 0 0 18 -1 -1       18  7 11      14413042329771 5 0    37.0   37.0
 11 7443.952047 1.457E-32 7.457E-02.04060.315 4816.99070.05-.012940          0 0 3          0 0 1 10  2  9        9  1  8      34423343322571 4 7    21.0   19.0
 11 7443.975500 4.514E-33 2.204E+00.07670.391 5656.04250.42-.012720          0 1 3          1 1 0  6  2  5        5  2  4      14423342322571 4 7    13.0   11.0
 11 7444.001200 2.041E-35 3.857E-02.00750.161 6170.79250.410.000000         -2-2-2          0 0 0 20 -1 -1       20  9 11      14413042329771 5 0    41.0   41.0
 11 7444.007242 7.281E-35 1.411E-03.04990.281 5316.80420.41-.015940          0 0 3          1 0 0 10  6  4       11  2  9      34423343323071 510    63.0   69.0
 11 7444.033300 2.986E-35 2.327E-02.06440.352 5781.63820.36-.013040          0 3 2          0 3 0  7  5  3        7  4  4      14423342322571 4 7    15.0   15.0
 11 7444.041660 2.577E-34 1.657E-02.07970.412 5163.26370.76-.011060          0 3 2          0 3 0  4  4  0        4  3  1      34423343322571 4 7     9.0    9.0
 11 7444.087600 1.674E-34 1.744E-03.03300.298 5207.89500.41-.006200         -2-2-2          1 0 0 11 -4 -4       10  4  7      14413342329571 542    69.0   63.0
 11 7444.135626 6.190E-31 2.026E-01.08230.371 4408.02880.70-.008520          1 0 2          0 0 1  7  5  2        6  3  3      34423343322571 4 7    45.0   39.0
 11 7444.148103 5.090E-28 7.215E-05.06210.315 1216.23130.49-.010640          1 0 1          0 0 0  9  5  4        9  3  7      34423343322871 5 8    19.0   19.0
 11 7444.173791 1.893E-33 3.602E-02.05330.281 5105.72950.41-.016660          1 2 1          0 2 0 11  6  5       11  4  8      34423343323171 510    23.0   23.0
 11 7444.180023 2.484E-32 1.381E-01.02490.298 4852.7554-.05-.019060          0 0 3          0 0 1 11  0 11       10  1 10      34423343322871 4 7    23.0   21.0
 11 7444.181930 1.533E-33 3.555E-02.04850.265 5389.55220.39-.025920          1 2 1          0 2 0 12  6  6       12  4  9      34423343323171 510    75.0   75.0
 11 7444.192547 7.473E-32 1.385E-01.02570.298 4852.7490-.05-.018940          0 0 3          0 0 1 11  1 11       10  0 10      34423343322571 4 7    69.0   63.0
 11 7444.199100 4.315E-33 1.076E-01.02420.235 5209.13090.36-.004200         -2-2-2          0 1 0 14 -2 -2       14  8  6      14413342329671 543    29.0   29.0
 11 7444.200585 2.944E-32 6.510E-02.06830.298 4644.21680.56-.006780          2 2 0          0 2 0 10  5  5       10  2  8      34423343322971 4 8    21.0   21.0
 11 7444.205710 1.332E-33 3.425E-02.07620.371 5276.46440.52-.006080          0 3 2          0 3 0  6  3  4        6  2  5      34423343322571 4 7    39.0   39.0
 11 7444.225700 9.779E-31 8.443E-02.01750.221 4283.23290.36-.002700         -2-2-2          0 0 0 15 -4 -4       15 10  5      14413342329671 543    93.0   93.0
 11 7444.227300 3.260E-31 8.443E-02.01580.221 4283.23100.36-.001500         -2-2-2          0 0 0 15 -2 -2       15 10  6      14413342329671 543    31.0   31.0
 11 7444.228240 6.110E-32 8.419E+00.01070.172 5632.04790.41-.024060          1 1 1          0 1 0 20  2 19       19  2 18      34423343323171 511    41.0   39.0
 11 7444.233640 1.872E-31 8.599E+00.01070.172 5632.04250.41-.024060          1 1 1          0 1 0 20  1 19       19  1 18      34423343323171 511   123.0  117.0
 11 7444.275140 1.112E-29 3.743E-04.06550.352 2318.53980.55-.002172          1 3 0          0 1 0  8  5  3        7  2  6      34423343322871 4 8    17.0   15.0
 11 7444.277000 1.295E-32 1.076E-01.02420.235 5209.03470.36-.003500         -2-2-2          0 1 0 14 -4 -4       14  8  7      14413342329671 543    87.0   87.0
 11 7444.351520 2.178E-23 1.097E+01.01990.200 1774.7511-.33-.020380          1 0 1          0 0 0 13  2 12       12  2 11      354543301829 3 4 7    81.0   75.0
 11 7444.369385 6.291E-24 1.030E+01.01880.250 1806.6714-.42-.025840          1 0 1          0 0 0 14  1 14       13  1 13      34423343322971 4 8    29.0   27.0
 11 7444.370718 1.887E-23 1.030E+01.01530.230 1806.6700-.42-.027300          1 0 1          0 0 0 14  0 14       13  0 13      344233433229 3 4 8    87.0   81.0
 11 7444.416640 1.177E-30 5.542E-04.02400.208 3211.21260.38-.016664          0 2 1          0 0 0 15  7  9       16  3 14      34423343323171 511    93.0   99.0
 11 7444.426500 1.608E-34 4.589E-02.03790.250 5695.95360.37-.001300         -2-2-2          0 2 0 13 -2 -2       13  4 10      14413342329671 543    27.0   27.0
 11 7444.426831 1.082E-27 2.029E-02.06440.371 2398.38160.34-.017420          2 1 0          0 1 0  7  5  2        6  4  3      34423343322571 4 7    45.0   39.0
 11 7444.437416 4.255E-33 3.551E-03.04690.298 4669.73580.45-.019840          1 2 1          0 2 0 10  5  5       10  3  8      34423343323071 510    63.0   63.0
 11 7444.478200 4.507E-34 8.043E-04.01260.208 4919.16940.380.002800         -2-2-2          0 0 0 16 -3 -3       16 11  6      14413342329671 543    99.0   99.0
 11 7444.484610 4.595E-30 2.318E-02.08910.434 3392.74930.80-.006860          0 2 2          0 2 0  3  3  0        3  2  1      34423343322571 4 7    21.0   21.0
 11 7444.484967 6.844E-34 1.162E+00.07310.352 6193.36430.52-.016180          1 1 2          1 1 0  8  5  4        7  4  3      34423343322571 4 7    51.0   45.0
 11 7444.485781 2.369E-28 1.415E-03.05580.250 2042.37400.46-.027940          0 0 2          0 0 0 12  3  9       13  2 12      34423343322971 4 9    25.0   27.0
 11 7444.517070 2.232E-32 5.079E-03.07790.333 4381.73540.58-.011860          0 2 2          0 2 0  9  3  6        8  4  5      34423343322871 4 8    57.0   51.0
 11 7444.550617 8.625E-34 1.232E-04.05140.315 4263.15040.04-.019744          1 0 2          0 2 0  8  2  7        9  1  8      34423343322571 4 7    51.0   57.0
 11 7444.561210 6.576E-24 9.928E+00.02090.215 1774.6163-.38-.018390          1 0 1          0 0 0 13  1 12       12  1 11      356544301824 3 4 6    27.0   25.0
 11 7444.631411 4.028E-27 3.909E-05.08590.352  586.47920.76-.005640          0 0 2          0 0 0  6  2  4        7  1  7      34423343322871 4 7    13.0   15.0
 11 7444.645523 5.124E-26 6.114E-03.04620.298 1446.12820.35-.012615          0 5 0          0 0 0 11  0 11       10  3  8      34423343322871 4 8    69.0   63.0
 11 7444.653632 7.734E-34 1.653E-02.07740.412 5162.64160.69-.010940          0 3 2          0 3 0  4  4  1        4  3  2      34423343322571 4 7    27.0   27.0
 13 7444.684410 2.905E-26 1.521E-01.09320.490  221.62080.76-.002390          1 0 1          0 0 0  5  2  3        4  0  4      35764430188262 434    66.0   54.0
 11 7444.694790 2.199E-23 7.587E+00.05340.363 1437.96860.13-.006270          1 0 1          0 0 0 11  2  9       10  2  8      35764430188262 434    23.0   21.0
 11 7444.698800 1.261E-35 4.676E-02.00750.172 6525.12700.410.000000         -2-2-2          0 1 0 19 -4 -4       19  4 15      14413042329771 5 0   117.0  117.0
 11 7444.714600 1.404E-35 1.861E-03.03070.250 5764.12650.37-.001100         -2-2-2          0 0 1 13 -3 -3       13  2 12      14413342329671 543    81.0   81.0
 11 7444.728500 2.635E-31 4.430E-04.05410.221 3472.88720.36-.013700         -2-2-2          0 0 0 15 -4 -4       15  6  9      14413342329671 543    93.0   93.0
 11 7444.741800 1.027E-33 4.874E-02.05030.281 5293.90230.41-.007100         -2-2-2          0 2 0 11 -1 -1       11  5  7      14413342329671 543    23.0   23.0
 11 7444.761037 3.482E-35 1.701E-02.08260.391 5655.79690.61-.010160          1 6 0          1 1 0  6  1  5        5  2  4      34423343322571 4 7    13.0   11.0
 11 7444.761518 1.042E-33 4.333E-02.03700.298 5473.80220.45-.027920          0 0 3          0 2 0 10  7  3       10  7  4      34423343322971 5 9    63.0   63.0
 11 7444.791000 1.050E-35 1.312E-03.00860.183 5579.38040.41-.002200         -2-2-2          0 1 0 17 -2 -2       18  2 16      14413342329671 543    35.0   37.0
 11 7444.869000 7.196E-35 1.018E-03.00860.281 5061.93460.39-.001000         -2-2-2          0 0 1 12 -1 -1       11  0 11      14413342329571 542    25.0   23.0
 11 7444.905610 3.282E-33 1.421E-02.06380.298 5027.07370.35-.035444          1 0 2          0 2 0 11  2  9       10  5  6      34423343322871 4 8    69.0   63.0
 11 7444.976600 2.236E-35 1.163E-03.05030.281 5293.90230.41-.007100         -2-2-2          0 2 0 10 -1 -1       11  5  7      14413342329671 543    21.0   23.0
 11 7444.994409 4.600E-33 1.649E+00.08790.412 5557.85160.80-.012500          0 1 3          1 1 0  5  2  3        4  2  2      34423343322571 4 7    11.0    9.0
 11 7445.016400 1.575E-34 6.468E-04.05840.333 4977.02590.56-.011252          0 4 1          0 0 1  9  8  2        8  5  3      14423342322871 4 8    57.0   51.0
 11 7445.031187 7.255E-28 1.281E-05.07850.352  709.60820.52-.011840          0 5 0          0 0 0  6  1  5        7  2  6      34423343322571 4 7    13.0   15.0
 11 7445.037999 6.886E-31 4.493E-04.01980.195 3291.14920.41-.016964          1 2 0          0 0 0 16  6 11       17  1 16      34423343323171 511    99.0  105.0
 11 7445.067060 7.536E-30 3.679E-02.08810.391 3478.98630.68-.008720          0 2 2          0 2 0  5  1  4        5  0  5      34423343322871 4 7    33.0   33.0
 11 7445.076333 4.230E-33 2.291E-01.06090.281 5320.88920.41-.027020          0 0 3          1 0 0 11  3  8       11  3  9      34423343322971 5 8    23.0   23.0
 11 7445.096000 1.897E-35 3.348E-03.03800.265 5581.17430.390.005000         -2-2-2          1 0 0 12 -2 -2       12  2 10      14413342329671 543    25.0   25.0
 11 7445.098030 8.189E-25 1.322E-01.04270.281 1524.84790.25-.001840          1 2 0          0 0 0 12  4  9       11  1 10      35424330182871 4 8    75.0   69.0
 11 7445.106078 3.604E-35 6.049E-03.08250.371 5436.27830.64-.013860          1 3 1          0 3 0  6  5  2        6  3  3      34423343322871 5 8    13.0   13.0
 11 7445.118076 5.232E-31 1.706E-01.06210.371 4407.04640.62-.015888          1 0 2          0 2 0  7  5  2        6  6  1      34423343322871 4 8    45.0   39.0
 11 7445.123060 1.715E-24 5.292E-03.09410.500  315.77950.76-.011180          0 0 2          0 0 0  5  1  5        4  2  2      354643301828 3 4 8    11.0    9.0
 11 7445.139060 1.389E-32 4.496E-04.05170.250 4052.81080.44-.013332          1 4 0          0 1 0 13  0 13       13  3 10      34423343322971 4 9    81.0   81.0
 11 7445.149277 6.065E-30 4.549E-02.09260.434 3299.99120.70-.006040          1 2 1          0 2 0  4  3  2        3  1  3      34423343322571 4 7     9.0    7.0
 11 7445.159392 2.648E-32 2.592E-02.05810.371 4407.15770.62-.011480          1 0 2          0 2 0  7  5  3        6  6  0      34423343322971 4 9    15.0   13.0
 11 7445.168800 7.018E-33 2.491E-03.07920.315 4493.80420.70-.012420          0 7 0          0 2 0 10  2  9        9  3  6      34423343322871 4 8    63.0   57.0
 11 7445.178916 2.016E-28 1.077E-02.01950.298 2701.88870.41-.017244          0 2 1          0 0 0 11 10  2       10 10  1      34423343323171 511    69.0   63.0
 11 7445.178928 6.720E-29 1.077E-02.01900.298 2701.88870.41-.017588          0 2 1          0 0 0 11 10  1       10 10  0      34423343323171 511    23.0   21.0
 11 7445.233300 8.237E-35 6.257E-02.08230.371 6002.29050.70-.008520          1 1 2          0 1 1  7  5  2        6  3  3      34423343322571 4 7    45.0   39.0
 11 7445.237421 1.196E-35 1.372E-03.08870.352 5613.36910.76-.016624          3 1 0          0 3 0  7  4  3        7  3  4      34423343322571 4 7    45.0   45.0
 11 7445.239168 9.970E-34 4.030E-04.08810.391 4195.97070.80-.009440          0 0 3          0 0 1  6  3  4        5  2  3      34423343322571 4 7    13.0   11.0
 11 7445.246800 4.008E-35 3.152E-04.01420.183 5258.62160.41-.002600         -2-2-2          0 1 0 19 -4 -4       18  2 17      14413342329671 543   117.0  111.0
 11 7445.247697 7.156E-29 1.826E+00.02490.221 4045.3220-.05-.024160          0 0 2          0 0 0 16  8  9       15  9  6      34423343323171 411    99.0   93.0
 11 7445.286400 8.231E-35 9.446E-02.01290.235 5996.82910.36-.000500         -2-2-2          0 1 0 14 -1 -1       14 11  3      14413342329671 543    29.0   29.0
 11 7445.286500 2.469E-34 9.446E-02.01600.235 5996.82910.36-.002600         -2-2-2          0 1 0 14 -3 -3       14 11  4      14413342329671 543    87.0   87.0
 11 7445.290186 1.098E-28 1.876E-02.04100.250 2748.09960.37-.022128          0 2 1          0 0 0 13  8  5       13  6  8      34423343323171 511    27.0   27.0
 11 7445.300120 9.579E-32 1.790E-03.04680.235 3939.83180.36-.031060          0 1 2          0 1 0 13  3 10       14  2 13      34423343322971 4 9    81.0   87.0
 11 7445.303069 4.235E-34 5.227E-02.03930.250 5764.20460.27-.025040          2 0 1          0 0 1 14  3 11       13  2 12      34423343322971 4 9    87.0   81.0
 11 7445.319400 6.733E-31 1.067E+00.04600.221 4894.70700.380.009700         -2-2-2          0 1 0 16 -4 -4       15  4 11      14413342329671 543    99.0   93.0
 11 7445.335601 4.034E-33 4.051E-01.04530.281 5465.05370.39-.016760          2 0 1          1 0 0 12  6  7       11  4  8      34423343322971 5 8    25.0   23.0
 11 7445.358228 1.312E-34 1.278E-03.03610.265 5193.88180.39-.028732          0 0 3          0 2 0 11  3  9       12  3 10      34423343322871 5 7    69.0   75.0
 11 7445.382900 3.137E-35 2.800E-04.02420.235 5209.03470.36-.003500         -2-2-2          0 1 0 13 -4 -4       14  8  7      14413342329671 543    81.0   87.0
 11 7445.387777 3.389E-35 9.318E-05.00810.172 5052.66890.410.000000          0 3 0          0 0 0 20 12  9       19  5 14      34423043323271 5 0   123.0  117.0
 11 7445.388754 9.421E-33 3.887E-02.06110.281 5034.38720.50-.006430          0 7 0          0 2 0 12  2 11       11  3  8      34423343322971 4 8    75.0   69.0
 11 7445.408545 5.455E-25 6.864E-02.02620.155 1394.81420.08-.014924          1 2 0          0 0 0  8  8  1        7  7  0      344233433225 3 4 7    51.0   45.0
 11 7445.408598 1.818E-25 6.864E-02.02010.352 1394.81420.08-.011236          1 2 0          0 0 0  8  8  0        7  7  1      34423343322971 4 9    17.0   15.0
 11 7445.452100 2.954E-33 1.011E-02.07060.298 4752.78320.410.003100         -2-2-2          0 2 0 11 -1 -1       10  3  7      14413342329671 542    23.0   21.0
