 11 7180.129700 1.954E-27 1.350E+00.07060.298 3224.54660.45-.010620          1 1 1          0 1 0 10  4  6       10  4  7      34423343322871 5 8    63.0   63.0
 11 7180.165687 1.834E-29 1.204E-03.03050.281 2740.42090.45-.017388          0 4 0          0 0 0 10 10  1       11  9  2      34423343322971 4 9    63.0   69.0
 11 7180.165715 6.115E-30 1.204E-03.02490.281 2740.42070.41-.015260          0 4 0          0 0 0 10 10  0       11  9  3      34423343323171 511    21.0   23.0
 11 7180.220842 9.066E-28 5.702E-02.04900.315 2688.07980.04-.014640          0 1 2          0 1 0  8  2  7        9  1  8      34423343322571 4 7    51.0   57.0
 11 7180.231180 1.019E-28 5.285E+00.09120.456 3887.11430.74-.008000          1 0 2          0 0 1  3  2  1        2  2  0      34423343322571 4 7    21.0   15.0
 11 7180.259363 5.737E-30 3.100E+00.05800.333 4525.96390.24-.014960          0 0 3          1 0 0  7  2  6        8  2  7      34423343322571 4 7    45.0   51.0
 11 7180.273153 1.675E-29 1.040E-02.01240.183 3319.44800.41-.017364          0 2 1          0 0 0 18  1 17       18  1 18      34423343323171 511   111.0  111.0
 11 7180.291400 1.761E-29 1.307E+00.05420.195 4291.94340.41-.012600         -2-2-2          0 0 0 17 -4 -4       17  6 11      14413342329671 543   105.0  105.0
 11 7180.323135 6.495E-26 3.464E-04.08640.352  704.21400.59-.006820          1 0 1          0 0 0  6  3  3        7  1  6      34423343322571 5 7    39.0   45.0
 11 7180.328797 3.732E-25 8.723E-01.03810.298 2054.34520.13-.018200          0 0 2          0 0 0 10  6  5       10  7  4      34423343322971 4 9    63.0   63.0
 14 7180.338030 3.050E-25 1.784E+00.09100.471  221.94610.690.000000          0 0 2          0 0 0  4  1  4        5  0  5      355540301824 3 2 0    54.0   66.0
 11 7180.356068 1.060E-29 5.497E-02.02900.235 3465.07010.36-.025560          1 0 1          0 0 0 13 10  3       14  8  6      34423343323171 511    27.0   29.0
 11 7180.368009 2.542E-29 1.326E-02.06090.333 2920.13210.33-.015340          2 1 0          0 1 0  9  4  6        8  5  3      34423343322871 4 8    19.0   17.0
 11 7180.399720 5.608E-22 5.419E-01.09800.500  224.83840.72-.005350          2 0 0          0 0 0  3  2  1        4  1  4      356643301824 3 4 6    21.0   27.0
 13 7180.489150 1.485E-25 1.080E+00.10010.490  141.90240.73-.003310          2 0 0          0 0 0  2  2  0        3  1  3      35764430188262 434    30.0   42.0
 11 7180.500390 7.876E-25 5.094E+00.08300.391 2130.49440.62-.012300          1 1 1          0 1 0  5  3  3        5  3  2      34423343322571 4 7    33.0   33.0
 11 7180.538677 3.186E-29 5.501E-02.02900.235 3464.88750.36-.024860          1 0 1          0 0 0 13 10  4       14  8  7      34423343323171 511    81.0   87.0
 11 7180.613010 3.038E-23 4.764E+00.05820.295 1477.29740.22-.020100          1 0 1          0 0 0  9  5  5        9  5  4      354543301828 3 4 7    57.0   57.0
 13 7180.664890 4.518E-26 1.091E+00.08630.460  840.86470.70-.009700          1 0 1          0 0 0  7  3  5        7  3  4      35754430188262 434   270.0  270.0
 11 7180.729050 1.085E-25 6.350E-05.09080.434  173.36580.810.003016          1 2 0          0 0 0  4  4  1        3  1  2      35424330182571 4 7    27.0   21.0
 12 7180.973730 2.538E-24 2.277E+00.08600.467  445.15850.73-.006960          1 0 1          0 0 0  5  2  4        5  2  3      355643301879 3 4 6    33.0   33.0
 11 7181.016210 3.066E-24 9.272E-03.09430.434  285.21930.68-.017720          1 0 1          0 0 0  4  1  4        3  3  1      35424330182871 4 8     9.0    7.0
 11 7181.019989 1.222E-23 2.042E+00.04050.352 1216.18980.46-.016756          1 2 0          0 0 0  7  7  1        7  6  2      34423343322971 4 8    15.0   15.0
 11 7181.052900 5.304E-30 1.708E-03.05880.315 2841.55200.45-.002200         -2-2-2          0 1 0 10 -1 -1        9  3  7      14413342329571 542    21.0   19.0
 11 7181.082964 1.176E-25 8.253E-01.03880.298 2054.36870.15-.017660          0 0 2          0 0 0 10  6  4       10  7  3      34423343322971 4 9    21.0   21.0
 11 7181.095277 3.689E-23 2.054E+00.04420.352 1216.19450.46-.017304          1 2 0          0 0 0  7  7  0        7  6  1      34423343322871 4 7    45.0   45.0
 11 7181.108947 3.017E-24 6.600E-01.05460.315 1340.88490.18-.015424          0 2 1          0 0 0 10  4  7        9  4  6      34423343322571 4 7    21.0   19.0
 11 7181.118662 1.199E-28 2.182E-03.07310.352 2181.08980.62-.005336          1 3 0          0 1 0  7  4  4        7  1  7      34423343322871 4 8    15.0   15.0
 11 7181.155780 1.505E-20 1.327E+01.09970.488  136.76170.73-.012510          1 0 1          0 0 0  2  0  2        3  0  3      35554430186750 4 6    15.0   21.0
 11 7181.250840 1.857E-30 3.131E+00.03920.315 4559.7520-.07-.021020          0 0 3          1 0 0  8  1  8        9  1  9      34423343322571 4 7    17.0   19.0
 11 7181.302745 5.583E-30 3.137E+00.04170.315 4559.7075-.07-.018780          0 0 3          1 0 0  8  0  8        9  0  9      34423343322571 4 7    51.0   57.0
 14 7181.306220 6.334E-25 3.943E+00.09480.465  182.98350.730.000000          0 0 2          0 0 0  3  1  2        4  1  3      355540301824 3 2 0    42.0   54.0
 11 7181.318431 3.911E-25 2.038E-01.06890.298 1538.14950.41-.016980          1 0 1          0 0 0 11  1 10       10  3  7      34423343322971 5 8    23.0   21.0
 13 7181.334560 1.541E-26 3.997E+00.07600.385 1128.93800.47-.015860          1 0 1          0 0 0  8  4  5        8  4  4      35654430188262 434   102.0  102.0
 11 7181.349989 3.852E-29 2.205E-02.01980.195 3291.14920.41-.016964          0 2 1          0 0 0 17  3 15       17  1 16      34423343323171 511   105.0  105.0
 11 7181.458327 1.586E-29 3.473E-02.02130.195 3567.17380.41-.016764          0 2 1          0 0 0 17  4 14       17  2 15      34423343323171 511   105.0  105.0
 11 7181.496631 2.930E-29 1.228E+00.06280.195 4174.28760.35-.001760          2 0 0          0 0 0 17  6 11       17  5 12      34423343322971 4 9   105.0  105.0
 11 7181.521110 8.189E-25 5.552E-03.07990.352  782.40980.70-.007712          1 2 0          0 0 0  7  5  2        7  2  5      35424330182871 4 7    45.0   45.0
 11 7181.595572 8.528E-29 6.212E-03.03540.265 2813.51220.37-.023060          0 0 2          0 0 0 13  5  8       12  8  5      34423343323171 511    81.0   75.0
 11 7181.673422 2.953E-29 1.057E+00.08840.352 3967.48830.82-.006160          2 2 0          0 2 0  7  3  4        7  2  5      34423343322571 4 7    45.0   45.0
 11 7181.787750 3.071E-28 1.100E-02.07290.352 2572.13920.58-.015920          2 1 0          0 1 0  8  3  6        7  4  3      34423343322871 4 8    51.0   45.0
 11 7181.929942 2.777E-30 9.285E-03.04510.221 3629.0964-.08-.015860          0 0 2          0 0 0 15  6  9       15  7  8      34423343322971 4 9    93.0   93.0
 11 7181.979023 3.359E-28 8.519E-02.03420.235 3084.8357-.20-.029260          0 0 2          0 0 0 14  5 10       14  6  9      34423343322971 4 9    87.0   87.0
 12 7182.093530 9.077E-24 1.446E+01.10300.435   69.92740.73-.011280          1 0 1          0 0 0  1  0  1        2  0  2      35554430186750 4 6     3.0    5.0
 11 7182.150825 2.545E-26 2.350E-02.07910.298 1616.45310.45-.015260          1 0 1          0 0 0  9  6  3       10  4  6      34423343323171 510    19.0   21.0
 11 7182.155730 1.372E-23 1.816E-02.08940.412  382.51690.69-.017340          1 0 1          0 0 0  5  1  5        4  3  2      35424330182871 5 8    33.0   27.0
 11 7182.158947 7.762E-27 4.854E-02.04890.265 2275.37280.39-.016080          1 0 1          0 0 0 11  7  5       12  5  8      34423343323171 510    69.0   75.0
 11 7182.209110 1.541E-21 1.432E+00.10700.375   42.37170.70-.011570          2 0 0          0 0 0  1  0  1        1  1  0      35684330187949 4 6     9.0    9.0
 11 7182.342149 1.270E-27 1.022E-04.02620.298 1114.53220.45-.014712          0 2 1          0 0 0  9  4  5       10  0 10      34423343323071 510    19.0   21.0
 11 7182.398108 2.760E-29 9.933E-01.09110.371 3713.08250.77-.007500          2 2 0          0 2 0  6  2  4        6  1  5      34423343322871 4 7    13.0   13.0
 11 7182.428210 4.202E-30 5.908E-02.05580.250 3654.21510.46-.027940          2 1 0          0 1 0 12  3  9       13  2 12      34423343322971 4 9    25.0   27.0
 11 7182.451230 1.573E-24 3.981E-02.08160.315 1079.07960.49-.011740          1 0 1          0 0 0  8  3  5        9  1  8      35424330182871 5 8    51.0   57.0
 11 7182.480991 7.755E-28 2.145E-05.07560.352  816.69420.75-.008808          1 2 0          0 0 0  6  6  0        7  3  5      34423343322871 4 8    13.0   15.0
 11 7182.505081 3.027E-28 7.439E-03.02480.221 2631.26880.38-.014472          0 1 1          0 0 0 16  9  7       15  1 14      34423343323171 511    99.0   93.0
 11 7182.520610 2.676E-27 1.637E-01.03010.298 2705.1396-.20-.015860          0 1 2          0 1 0  9  0  9       10  1 10      34423343322571 4 7    57.0   63.0
 11 7182.523380 1.032E-26 7.608E-01.01010.221 2631.28370.38-.018664          0 2 1          0 0 0 16  2 15       15  2 14      34423343322971 5 9    33.0   31.0
 11 7182.529220 3.227E-25 2.797E+00.09100.412 1922.90110.73-.009620          1 1 1          0 1 0  4  2  3        4  2  2      35424330182571 4 7     9.0    9.0
 11 7182.530852 1.733E-30 2.767E-02.02310.235 3922.33080.36-.024360          1 0 1          0 0 0 13 12  2       14 10  5      34423343323171 511    81.0   87.0
 11 7182.531700 9.462E-30 9.628E-02.03800.265 3587.76660.390.005000         -2-2-2          0 1 0 12 -2 -2       12  2 10      14413342329671 543    25.0   25.0
 11 7182.655050 8.982E-28 1.648E-01.02880.298 2705.0967-.20-.019640          0 1 2          0 1 0  9  1  9       10  0 10      34423343322571 4 7    19.0   21.0
 11 7182.739340 1.374E-29 1.399E-01.10120.504 3151.62990.81-.000640          0 7 0          0 2 0  1  1  1        0  0  0      34423343322571 4 7     3.0    1.0
 11 7182.745758 7.699E-28 1.556E-02.06340.250 2533.79320.40-.016740          2 0 0          0 0 0 12  7  6       13  4  9      34423343323171 411    75.0   81.0
 11 7182.949620 3.752E-21 1.020E+01.09700.510  142.27850.75-.008670          1 0 1          0 0 0  2  1  2        3  1  3      35654330186750 4 6     5.0    7.0
 11 7183.015790 4.115E-22 3.598E-01.10100.492  134.90160.73-.011100          1 0 1          0 0 0  2  0  2        2  2  1      354643301825 3 4 7    15.0   15.0
 11 7183.076989 2.239E-28 1.848E-02.04080.265 2613.10470.37-.024100          0 0 2          0 0 0 13  4 10       12  7  5      34423343323171 511    27.0   25.0
 11 7183.184856 3.708E-30 6.342E-04.04340.315 2690.59350.12-.009810          0 6 0          0 1 0  9  1  9        9  2  8      34423343322871 4 7    19.0   19.0
 11 7183.218450 7.665E-25 1.134E-01.07410.315 1216.23130.48-.014800          0 0 2          0 0 0  8  2  6        9  3  7      35424330182571 4 7    17.0   19.0
 11 7183.272430 6.656E-24 3.056E+00.05620.395 1718.71880.42-.012140          1 0 1          0 0 0 10  5  5       10  5  6      354543301828 3 4 8    63.0   63.0
 11 7183.332700 2.312E-29 1.256E+00.05900.250 4174.16990.370.003300         -2-2-2          0 1 0 13 -4 -4       13  4  9      14413342329671 543    81.0   81.0
 11 7183.355939 3.636E-29 1.188E+00.07210.265 3843.41040.37-.023496          0 3 1          0 1 0 13  4  9       12  4  8      34423343322971 5 9    27.0   25.0
 12 7183.363500 7.060E-25 4.806E+00.08700.404  925.69970.43-.016910          1 0 1          0 0 0  7  4  4        7  4  3      355643301867 3 4 6    45.0   45.0
 11 7183.391408 2.131E-30 2.865E+00.07170.352 4457.81880.46-.010320          0 0 3          1 0 0  6  3  4        7  3  5      34423343322571 4 7    13.0   15.0
 13 7183.534810 1.178E-25 8.073E+00.05750.320 1055.25510.25-.011300          1 0 1          0 0 0  7  5  3        7  5  2      355543301824 3 4 6   270.0  270.0
 11 7183.572873 7.910E-26 5.206E-03.07940.333 1050.15770.53-.009352          0 2 1          0 0 0  8  5  4        8  3  5      34423343322871 5 8    17.0   17.0
 11 7183.574021 3.197E-26 7.858E-01.01030.221 2631.26880.38-.023964          0 2 1          0 0 0 16  1 15       15  1 14      34423343322971 5 9    99.0   93.0
 12 7183.585780 6.334E-24 2.312E+01.05400.320  733.68290.34-.011760          1 0 1          0 0 0  5  5  1        5  5  0      355543311967 3 4 6    33.0   33.0
 11 7183.598500 4.684E-29 6.223E-03.03470.235 2739.38770.360.005100         -2-2-2          0 0 0 15 -1 -1       14  3 11      14413342329671 543    31.0   29.0
 11 7183.685800 3.671E-24 5.662E-02.08880.455  661.54890.70-.010800          0 0 2          0 0 0  5  2  4        6  3  3      354643301825 3 4 7    11.0   13.0
 13 7183.735450 1.194E-24 1.153E+01.10000.470   94.97060.70-.004500          1 0 1          0 0 0  1  1  0        2  1  1      356443301824 3 4 6    18.0   30.0
 11 7183.763714 2.078E-30 6.440E-01.04610.391 4381.90430.25-.019320          3 0 0          1 0 0  6  6  1        5  5  0      34423343322571 4 7    39.0   33.0
 11 7183.862900 8.010E-30 1.195E-03.01710.298 2701.83030.41-.005400         -2-2-2          0 0 0 11 -2  0       10 10  0      14413342329671 543    23.0   21.0
 11 7183.862900 2.403E-29 1.195E-03.01760.298 2701.83030.41-.005100         -2-2-2          0 0 0 11 -4  0       10 10  1      14413342329671 543    69.0   63.0
 11 7183.878540 4.922E-25 1.171E+00.03870.245 1810.58330.21-.016360          0 0 2          0 0 0  9  6  4        9  7  3      354543301829 3 4 9    19.0   19.0
 13 7183.885710 3.832E-26 7.872E+00.05300.329 1055.05400.27-.013420          1 0 1          0 0 0  7  5  2        7  5  3      354543301825 3 4 7    90.0   90.0
 14 7183.898770 4.760E-26 1.200E+00.08790.413  653.08880.530.000000          0 0 2          0 0 0  8  1  7        8  2  6      355540301824 3 2 0   102.0  102.0
 11 7183.902200 5.702E-30 5.686E-01.03260.281 4266.12840.41-.004200         -2-2-2          0 1 0 11 -4 -4       11  8  3      14413342329671 543    69.0   69.0
 11 7183.904000 1.901E-30 5.686E-01.03110.281 4266.12650.41-.004800         -2-2-2          0 1 0 11 -2 -2       11  8  4      14413342329671 543    23.0   23.0
 11 7183.957750 1.651E-29 3.500E-01.05230.265 3738.54320.21-.016320          0 1 2          0 1 0 12  2 10       12  3  9      34423343322971 4 9    25.0   25.0
 14 7183.972790 3.385E-25 1.853E+00.09610.520  156.38220.730.000000          0 0 2          0 0 0  3  0  3        4  1  4      355540301824 3 2 0    42.0   54.0
 11 7184.075394 1.917E-30 4.424E-04.08010.315 2998.76640.72-.017180          2 1 0          0 1 0 10  3  8        9  4  5      34423343322871 4 8    63.0   57.0
 11 7184.100930 1.493E-24 1.184E+00.03890.250 1810.58790.22-.014960          0 0 2          0 0 0  9  6  3        9  7  2      354543301828 3 4 8    57.0   57.0
 11 7184.210400 2.711E-30 1.677E-01.03570.208 4016.11520.38-.008600         -2-2-2          0 0 0 16 -1 -1       16  7  9      14413342329671 543    33.0   33.0
 11 7184.310880 1.399E-29 5.282E-02.01620.265 3592.42380.39-.021720          1 1 1          0 1 0 11  5  7       12  3 10      34423343323071 510    69.0   75.0
 11 7184.361440 1.667E-26 6.296E-02.09150.391 2053.96880.72-.009060          1 1 1          0 1 0  6  0  6        5  2  3      34423343322871 4 7    39.0   33.0
 11 7184.385339 8.528E-30 3.276E+00.08460.352 4426.06640.73-.007840          0 0 3          1 0 0  6  2  4        7  2  5      34423343322571 4 7    39.0   45.0
 12 7184.456370 1.993E-23 1.107E+01.09800.537   78.98870.75-.006910          1 0 1          0 0 0  1  1  1        2  1  2      35554430186750 4 6     9.0   15.0
 11 7184.457706 4.676E-25 2.148E+00.05520.281 1985.78490.41-.011320          1 0 1          0 0 0 11  5  6       11  5  7      34423343322971 5 9    23.0   23.0
 11 7184.466010 2.434E-29 3.641E-02.05340.298 3383.26540.17-.022140          0 1 2          0 1 0 10  4  7       10  5  6      34423343322871 4 8    63.0   63.0
 11 7184.556772 1.958E-28 8.464E+00.09430.456 3849.38530.72-.010460          1 0 2          0 0 1  3  1  2        2  1  1      34423343322571 4 7    21.0   15.0
 11 7184.727240 1.940E-24 6.582E-03.06190.391  610.34120.41-.013732          1 2 0          0 0 0  6  5  2        5  4  1      35424330182571 4 7    39.0   33.0
 11 7184.754803 7.368E-29 7.456E-01.09900.456 3255.34590.77-.007000          2 2 0          0 2 0  2  2  0        2  1  1      34423343322871 4 7     5.0    5.0
 11 7184.786217 2.468E-29 5.737E-02.02350.195 3567.17380.41-.022460          1 0 1          0 0 0 16  4 12       17  2 15      34423343323171 511    99.0  105.0
 11 7184.901600 2.963E-30 4.489E-02.02130.235 3685.35420.36-.003100         -2-2-2          0 0 0 13 -1 -1       14  9  5      14413342329671 543    27.0   29.0
 11 7184.912600 8.890E-30 4.489E-02.02220.235 3685.34330.36-.002800         -2-2-2          0 0 0 13 -3 -3       14  9  6      14413342329671 543    81.0   87.0
 11 7184.918206 4.226E-27 2.713E-05.06900.391  742.07630.65-.011540          2 0 0          0 0 0  6  4  3        5  5  0      34423343322871 4 8    39.0   33.0
 11 7184.919918 1.369E-28 6.150E-02.04930.281 3135.76460.40-.010200          2 1 0          0 1 0 10  4  7       11  1 10      34423343322871 4 8    63.0   69.0
 11 7184.936752 2.799E-29 5.832E-04.03390.221 2358.30150.57-.009368          0 4 0          0 0 0 15  4 12       15  1 15      34423343322971 4 9    31.0   31.0
 11 7184.943471 4.064E-30 1.089E-04.03660.315 2512.2827-.09-.011805          0 6 0          0 1 0  8  1  8        9  0  9      34423343322571 4 7    51.0   57.0
 11 7184.955420 3.667E-30 3.305E-03.04480.281 3314.85570.32-.013240          0 1 2          0 1 0 12  1 12       11  2  9      34423343322871 4 8    75.0   69.0
 14 7184.966020 1.985E-26 1.082E-01.09400.488  155.38900.770.000000          0 0 2          0 0 0  3  0  3        3  2  2      355540301824 3 2 0    42.0   42.0
 11 7184.983980 6.455E-25 6.563E-03.06220.333  610.11440.38-.013640          1 2 0          0 0 0  6  5  1        5  4  2      354543301825 3 4 7    13.0   11.0
 11 7185.172923 3.125E-30 7.765E-01.08340.391 4076.14330.52-.006320          1 0 2          0 0 1  5  2  4        5  0  5      34423343322571 4 7    11.0   11.0
 14 7185.242220 1.380E-25 7.893E-01.09180.465  217.04190.730.000000          0 0 2          0 0 0  4  1  4        4  2  3      355540301824 3 2 0    54.0   54.0
 11 7185.354025 1.008E-29 1.132E+00.10210.456 3750.46440.71-.013180          1 0 2          1 0 0  2  0  2        2  1  1      34423343322571 4 7     5.0    5.0
 11 7185.394270 5.164E-23 9.373E-02.09240.435  447.25240.72-.008920          2 0 0          0 0 0  5  2  3        6  1  6      35464330182848 4 7    33.0   39.0
 11 7185.400770 1.049E-23 4.886E+00.05230.315 1474.98080.34-.013760          1 0 1          0 0 0  9  5  4        9  5  5      35424330182871 4 8    19.0   19.0
 11 7185.442550 3.873E-24 2.320E-02.08080.420  782.40980.63-.014060          1 0 1          0 0 0  8  0  8        7  2  5      354543301828 3 4 8    51.0   45.0
 11 7185.475834 1.041E-30 9.818E-03.03570.265 3587.66670.26-.008775          0 6 0          0 1 0 13  1 13       12  2 10      34423343322971 4 9    27.0   25.0
 11 7185.577000 1.130E-23 1.729E-02.09100.391  446.51070.77-.011600          2 0 0          0 0 0  6  1  6        5  2  3      35424330182871 4 8    39.0   33.0
 11 7185.596188 2.000E-22 1.680E+01.03420.371 1045.05830.19-.016300          1 0 1          0 0 0  6  6  1        6  6  0      34423343322971 4 9    13.0   13.0
 11 7185.597304 6.000E-22 1.680E+01.04130.195 1045.05790.19-.013460          1 0 1          0 0 0  6  6  0        6  6  1      34533443326766 4 6    39.0   39.0
 11 7185.683865 2.276E-30 5.260E-01.08340.315 4399.54200.65-.005520          2 2 0          0 2 0  9  3  6        9  2  7      34423343322871 4 7    57.0   57.0
 11 7185.697020 6.440E-26 4.171E-01.09200.391 2130.49440.70-.016780          0 1 2          0 1 0  5  0  5        5  3  2      34423343322871 4 8    33.0   33.0
 11 7185.731350 8.521E-28 4.482E-02.08390.371 2399.16530.68-.019080          1 1 1          0 1 0  7  2  5        6  4  2      34423343322871 4 8    15.0   13.0
 11 7185.733230 6.477E-29 6.525E-01.09490.412 3375.29790.76-.007960          2 2 0          0 2 0  4  1  3        4  0  4      34423343322871 4 7     9.0    9.0
 11 7185.777310 1.028E-30 3.393E-03.05490.298 3564.70510.44-.013280          2 1 0          0 1 0 11  5  6       10  6  5      34423343322971 4 8    69.0   63.0
 11 7185.847196 4.768E-27 9.185E-05.06830.391  742.07300.69-.012520          2 0 0          0 0 0  6  4  2        5  5  1      34423343322971 4 8    13.0   11.0
 11 7185.898404 1.269E-30 1.537E+00.07000.371 4401.94190.50-.012000          0 0 3          1 0 0  5  4  1        6  4  2      34423343322571 4 7    11.0   13.0
 11 7185.909614 3.179E-27 6.487E-02.03460.235 2551.48360.36-.022160          1 0 1          0 0 0 13  5  9       14  3 12      34423343323171 511    81.0   87.0
 11 7185.936518 2.230E-28 9.388E+00.09220.434 3895.58790.63-.009640          1 0 2          0 0 1  4  1  4        3  1  3      34423343322571 4 7    27.0   21.0
 11 7185.966618 4.274E-27 3.112E-04.07430.371 1045.05830.66-.013500          0 0 2          0 0 0  7  3  5        6  6  0      34423343322971 4 9    15.0   13.0
 11 7186.055241 8.851E-29 1.074E-02.04110.235 2918.2451-.05-.010160          0 0 2          0 0 0 13  6  7       14  5 10      34423343322971 4 9    81.0   87.0
 11 7186.152700 1.229E-29 1.047E-03.03140.208 2660.77780.56-.011468          0 4 0          0 0 0 16  3 13       16  0 16      14423342322971 4 9    33.0   33.0
 11 7186.407620 4.639E-25 4.589E-03.07550.295  885.60020.53-.008104          0 2 1          0 0 0  8  4  4        8  2  7      354443301828 3 5 8    51.0   51.0
 11 7186.418767 1.270E-29 3.611E-02.09710.434 3289.24240.80-.000675          0 7 0          0 2 0  3  1  2        3  0  3      34423343322571 4 7    21.0   21.0
 11 7186.475970 2.678E-28 7.268E-02.02860.221 2872.58060.36-.022260          1 0 1          0 0 0 14  5 10       15  3 13      34423343323171 511    29.0   31.0
 11 7186.528800 1.407E-29 1.314E+00.03790.250 4074.14870.36-.001300         -2-2-2          0 1 0 14 -2 -2       13  4 10      14413342329671 543    29.0   27.0
 11 7186.599170 6.858E-25 1.356E+00.10450.470 1618.55730.77-.001480          2 1 0          0 1 0  1  1  0        1  0  1      354543301825 3 4 7     9.0    9.0
 11 7186.728288 3.615E-30 1.092E-03.04620.298 3072.72630.35-.012615          0 6 0          0 1 0 11  0 11       10  3  8      34423343322871 4 8    69.0   63.0
 11 7186.857320 4.680E-24 1.426E+00.04200.270 1590.69010.22-.009510          0 0 2          0 0 0  8  6  3        8  7  2      35754430188262 434    51.0   51.0
 11 7186.881213 3.269E-25 1.269E-01.06030.298 1437.96860.48-.007480          2 0 0          0 0 0  9  5  5       10  2  8      34423343322971 4 8    19.0   21.0
 12 7186.892290 3.671E-26 2.364E-01.08410.405  658.61000.68-.006700          1 0 1          0 0 0  6  3  4        6  3  3      358644301882 3 434    13.0   13.0
 11 7186.908700 1.614E-24 1.475E+00.03860.333 1590.69080.22-.013800          0 0 2          0 0 0  8  6  2        8  7  1      35424330182971 4 9    17.0   17.0
 11 7187.038078 3.994E-29 4.087E-02.06030.298 3058.39840.48-.007480          2 1 0          0 1 0  9  5  5       10  2  8      34423343322971 4 8    19.0   21.0
 11 7187.046616 1.032E-29 6.364E-01.09130.391 4049.53610.78-.003600          2 0 1          1 0 0  6  3  3        5  1  4      34423343322571 4 7    39.0   33.0
 11 7187.070093 1.161E-29 8.106E-02.02220.195 3567.25440.41-.020560          1 0 1          0 0 0 16  5 12       17  3 15      34423343323171 511    33.0   35.0
 11 7187.092180 9.583E-30 2.535E-02.07910.298 3253.73800.45-.015260          1 1 1          0 1 0  9  6  3       10  4  6      34423343323171 510    19.0   21.0
 12 7187.111620 2.170E-26 2.034E-02.10100.516  134.78310.78-.013200          2 0 0          0 0 0  3  1  3        2  2  0      354743301828 3 4 8     7.0    5.0
 14 7187.138890 7.383E-27 4.497E-02.09500.491  108.92620.780.000000          0 0 2          0 0 0  2  0  2        2  2  1      355540301824 3 2 0    30.0   30.0
 11 7187.142160 7.155E-29 1.746E+00.08930.391 3598.51590.73-.007320          1 2 1          0 2 0  5  2  3        5  2  4      34423343322571 4 7    11.0   11.0
 11 7187.205690 6.858E-25 8.911E+00.08030.412 2005.91700.62-.011480          1 1 1          0 1 0  4  3  2        4  3  1      35424330182571 4 7     9.0    9.0
 14 7187.224010 8.996E-26 7.229E-01.09030.438  362.50720.640.000000          0 0 2          0 0 0  6  0  6        6  1  5      355540301824 3 2 0    78.0   78.0
 11 7187.264770 2.211E-26 1.728E-04.08210.352  782.40980.59-.007660          1 0 1          0 0 0  6  4  2        7  2  5      34423343322871 5 8    39.0   45.0
 11 7187.266200 6.005E-28 1.048E-03.08500.434 1819.33510.77-.003992          0 3 1          0 1 0  4  4  0        3  2  1      34423343322571 4 7    27.0   21.0
 14 7187.319560 4.599E-27 1.749E-01.08230.418  711.79540.530.000000          0 0 2          0 0 0  7  4  4        8  3  5      355540301824 3 2 0    90.0  102.0
 11 7187.345994 8.881E-30 2.256E-03.07460.333 2771.69020.67-.018380          2 1 0          0 1 0  9  3  7        8  4  4      34423343322871 4 8    19.0   17.0
 11 7187.376400 3.432E-30 1.971E-01.06560.265 3959.39090.37-.008800         -2-2-2          0 1 0 13 -1 -1       12  5  7      14413342329671 543    27.0   25.0
 11 7187.496076 3.531E-27 5.344E-02.03740.250 2248.06450.37-.022260          1 0 1          0 0 0 12  5  8       13  3 11      34423343323171 511    25.0   27.0
 11 7187.508774 2.444E-28 5.544E-04.08950.412 1821.59680.690.000355          0 6 0          0 1 0  3  0  3        4  1  4      34423343322571 4 7    21.0   27.0
 11 7187.618782 4.948E-28 1.705E-02.08170.371 2282.58960.64-.011204          0 3 1          0 1 0  6  5  2        6  3  3      34423343322871 5 8    13.0   13.0
 12 7187.753150 1.109E-26 2.233E-02.06840.400  645.38250.50-.009776          0 2 1          0 0 0  6  5  1        6  3  4      354543301828 3 4 8    39.0   39.0
 11 7187.882760 3.419E-30 5.432E-02.08600.371 3736.17090.62-.012860          0 2 2          0 2 0  5  1  4        6  2  5      34423343322571 4 7    33.0   39.0
 11 7187.936658 2.716E-30 5.407E-01.08000.371 4290.75680.61-.009000          1 0 2          0 0 1  6  3  4        6  1  5      34423343322571 4 7    39.0   39.0
 11 7188.089000 4.642E-30 4.130E-01.03210.298 3997.66500.45-.003100         -2-2-2          0 1 0 10 -2 -2       10  8  2      14413342329671 543    21.0   21.0
 11 7188.089400 1.393E-29 4.130E-01.03250.298 3997.66480.45-.004200         -2-2-2          0 1 0 10 -4 -4       10  8  3      14413342329671 543    63.0   63.0
 11 7188.138200 3.590E-23 6.449E+00.05640.315 1255.91150.25-.012200          1 0 1          0 0 0  8  5  4        8  5  3      35564430186762 4 6    17.0   17.0
 11 7188.279000 2.776E-28 1.340E+00.06630.281 3659.90410.39-.007456          0 3 1          0 1 0 12  5  7       11  5  6      34423343322971 5 7    75.0   69.0
 11 7188.309347 2.941E-26 1.448E-03.05720.352 1216.19450.44-.006520          2 0 0          0 0 0  8  5  4        7  6  1      34423343322871 4 7    51.0   45.0
 11 7188.348844 1.290E-23 3.132E-01.04130.270 1045.05790.27-.011440          0 2 1          0 0 0  7  6  2        6  6  1      34853443328262 434    45.0   39.0
 11 7188.353468 4.293E-24 3.128E-01.03960.371 1045.05830.27-.004420          0 2 1          0 0 0  7  6  1        6  6  0      34423343322971 4 9    15.0   13.0
 11 7188.442590 3.792E-24 2.250E+01.10100.430 1618.55730.73-.006140          1 1 1          0 1 0  0  0  0        1  0  1      354543301825 3 4 7     3.0    9.0
 11 7188.563540 1.694E-28 7.438E-02.02620.208 3211.21260.38-.022360          1 0 1          0 0 0 15  5 11       16  3 14      34423343323171 511    93.0   99.0
 14 7188.626400 3.280E-26 2.637E-01.08720.431  362.50720.640.000000          0 0 2          0 0 0  6  1  6        6  1  5      355540301824 3 2 0    78.0   78.0
 13 7188.643110 1.113E-25 1.151E+01.05530.308  884.11360.29-.014440          1 0 1          0 0 0  6  5  2        6  5  1      354543301825 3 4 7    78.0   78.0
 13 7188.702690 3.340E-25 1.151E+01.05500.304  884.07740.29-.005240          1 0 1          0 0 0  6  5  1        6  5  2      356644301824 3 4 6   234.0  234.0
 11 7188.731940 2.274E-29 1.788E-03.03350.221 2631.28370.45-.005268          0 4 0          0 0 0 15  5 11       15  2 14      34423343322971 4 9    31.0   31.0
 12 7188.741210 4.801E-25 4.875E+00.07380.333  752.18740.42-.012910          1 0 1          0 0 0  6  4  3        6  4  2      357443301824 3 4 6    13.0   13.0
 11 7188.748560 1.035E-30 1.935E-01.04910.250 4442.71340.19-.036080          2 1 0          0 1 0 14  5 10       13  6  7      34423343322971 4 9    87.0   81.0
 11 7188.773134 2.440E-27 5.685E-02.08710.391 2126.40770.74-.010320          0 1 2          0 1 0  4  2  2        5  3  3      34423343322571 4 7     9.0   11.0
 11 7188.828934 7.793E-29 9.626E+00.09280.434 3890.82930.71-.005600          1 0 2          0 0 1  4  0  4        3  0  3      34423343322571 4 7     9.0    7.0
 11 7188.983032 1.580E-28 4.766E-04.04670.265 2124.95140.40-.019488          1 2 0          0 0 0 11  7  4       12  4  9      34423343323171 410    69.0   75.0
 11 7188.988131 2.146E-27 1.326E-04.06990.315 1080.38540.600.004932          0 4 0          0 0 0 10  5  5        9  2  8      34423343322871 4 8    21.0   19.0
 11 7189.007310 9.037E-24 7.275E-01.08020.445 1360.23540.61-.010340          0 2 1          0 0 0 10  4  6        9  4  5      354643301825 3 4 7    63.0   57.0
 11 7189.036700 4.754E-30 7.466E-01.01870.208 4207.51420.38-.004100         -2-2-2          0 0 0 16 -2 -2       16  8  8      14413342329671 543    33.0   33.0
 11 7189.064677 2.144E-30 8.075E-01.08090.371 4195.81790.53-.011320          1 0 2          0 0 1  6  1  5        6  1  6      34423343322571 4 7    13.0   13.0
 11 7189.125320 2.219E-24 1.475E-02.05200.404  488.13420.69-.013520          1 0 1          0 0 0  5  2  3        4  4  0      354543301830 3 510    11.0    9.0
 11 7189.138510 2.865E-29 1.487E-04.08950.412 1817.45100.73-.003772          0 3 1          0 1 0  4  4  1        4  0  4      34423343323071 510     9.0    9.0
 11 7189.190228 3.334E-24 1.330E+00.03980.352 1394.81420.36-.008540          0 0 2          0 0 0  7  6  2        7  7  1      34423343322971 4 9    15.0   15.0
 11 7189.199185 9.995E-24 1.329E+00.04330.350 1394.81420.36-.011940          0 0 2          0 0 0  7  6  1        7  7  0      344233433228 3 4 8    45.0   45.0
 11 7189.230197 2.330E-25 1.343E+00.05800.265 2275.37280.39-.007480          1 0 1          0 0 0 12  5  7       12  5  8      34423343322971 5 8    75.0   75.0
 11 7189.244178 1.032E-28 1.935E-03.05800.250 2533.79320.36-.002952          0 4 0          0 0 0 13  7  6       13  4  9      34423343322971 4 9    81.0   81.0
 11 7189.344440 6.213E-22 1.692E+00.10010.490  142.27850.73-.003310          2 0 0          0 0 0  2  2  0        3  1  3      35764430188262 434     5.0    7.0
 11 7189.445097 5.682E-25 1.091E-01.05430.298 1293.01820.47-.010360          2 0 0          0 0 0  9  4  6       10  1  9      34423343322871 4 8    19.0   21.0
 11 7189.541420 1.069E-22 6.380E+00.05490.330 1255.16670.29-.016000          1 0 1          0 0 0  8  5  3        8  5  4      354543301825 3 4 7    51.0   51.0
 11 7189.553700 1.843E-30 7.452E-02.00860.183 3940.40210.41-.002200         -2-2-2          0 0 0 17 -2 -2       18  2 16      14413342329671 543    35.0   37.0
 11 7189.694040 7.272E-28 2.424E-02.03360.250 2426.1965-.13-.026980          0 0 2          0 0 0 13  3 11       13  4 10      34423343322971 4 9    27.0   27.0
 11 7189.714730 2.037E-24 8.781E+00.07670.340 2004.81570.67-.008620          1 1 1          0 1 0  4  3  1        4  3  2      354543301825 3 4 7    27.0   27.0
 11 7189.736168 2.699E-28 6.183E-01.10230.480 3175.44140.81-.002760          2 2 0          0 2 0  2  1  2        1  0  1      34423343322571 4 7    15.0    9.0
 11 7189.768072 9.480E-28 2.942E+00.09750.456 3237.91720.74-.005400          1 2 1          0 2 0  2  1  1        2  1  2      34423343322571 4 7    15.0   15.0
 11 7189.861620 2.104E-30 7.696E-01.08230.315 4493.80420.69-.008820          2 2 0          0 2 0  9  4  5        9  3  6      34423343322871 4 8    57.0   57.0
 11 7189.915220 8.792E-29 8.815E-04.08560.352 2309.73020.69-.003100          0 3 1          0 1 0  8  3  5        7  1  6      34423343322571 4 7    51.0   45.0
 11 7189.964120 2.925E-25 5.590E+00.08030.280 2126.40770.71-.007760          1 1 1          0 1 0  5  3  2        5  3  3      354343301825 3 4 7    11.0   11.0
 11 7189.970110 2.513E-29 8.932E-05.09330.434 1739.48360.79-.003432          1 3 0          0 1 0  4  4  0        3  1  3      34423343322871 4 8     9.0    7.0
