 11 7440.009300 1.349E-29 5.059E-02.02150.208 3437.20610.410.000500         -2-2-2          0 0 0 17 -1 -1       16  3 13      14413342329671 543    35.0   33.0
 11 7440.053560 2.815E-26 5.388E-02.09430.434 1772.41350.80-.004180          0 1 2          0 1 0  3  2  1        3  1  2      34423343322571 4 7    21.0   21.0
 11 7440.065020 2.723E-22 1.711E-01.09280.500  173.36580.76-.003850          1 0 1          0 0 0  4  3  1        3  1  2      356544301824 3 4 6    27.0   21.0
 11 7440.071580 1.405E-30 9.666E+00.01100.172 5241.74170.41-.023160          1 1 1          0 1 0 20  0 20       19  0 19      34423343323171 511   123.0  117.0
 11 7440.125338 1.176E-29 1.718E+00.04520.195 4428.11430.41-.023064          0 2 1          0 0 0 18  7 11       17  7 10      34423343323171 511   111.0  105.0
 11 7440.191328 1.021E-29 1.411E+00.05570.265 4125.59910.08-.033580          0 1 2          0 1 0 13  5  9       12  6  6      34423343322971 4 9    27.0   25.0
 12 7440.217750 8.875E-26 9.107E-02.09900.465   69.92740.79-.003860          0 0 2          0 0 0  2  1  1        2  0  2      354643301825 3 4 7     5.0    5.0
 11 7440.320670 1.368E-25 1.359E-01.07360.281 1899.00820.65-.022840          0 0 2          0 0 0 12  3 10       11  4  7      35424330182971 4 8    75.0   69.0
 11 7440.406597 1.766E-30 1.761E+00.04070.391 4381.90430.25-.023120          1 0 2          1 0 0  6  6  0        5  5  1      34423343322971 4 8    13.0   11.0
 11 7440.417957 5.292E-30 1.759E+00.04610.391 4381.90430.25-.019320          1 0 2          1 0 0  6  6  1        5  5  0      34423343322571 4 7    39.0   33.0
 11 7440.501359 8.109E-28 1.699E-02.06970.265 2300.68510.39-.027460          1 0 1          0 0 0 12  7  6       12  5  7      34423343323171 511    25.0   25.0
 11 7440.537520 4.734E-29 7.069E+00.02540.235 4396.05130.36-.028860          1 1 1          0 1 0 15  4 12       14  4 11      34423343322971 5 9    93.0   87.0
 11 7440.611265 3.200E-26 5.030E-02.09870.434 1731.89670.80-.004800          0 1 2          0 1 0  3  1  2        3  0  3      34423343322571 4 7    21.0   21.0
 11 7440.629320 6.304E-28 6.683E-03.06010.391 2251.86250.56-.013908          0 3 1          0 1 0  6  6  0        5  4  1      34423343322871 4 7    39.0   33.0
 11 7440.646850 2.755E-30 4.161E-04.00920.281 2915.87430.41-.015608          0 3 1          0 1 0 11  4  8       11  0 11      34423343323071 510    69.0   69.0
 11 7440.697090 1.493E-24 1.205E-03.09100.405  224.83840.75-.006300          2 0 0          0 0 0  4  4  1        4  1  4      354643301828 3 4 8    27.0   27.0
 11 7440.794620 2.097E-28 6.664E-03.05890.391 2251.69530.53-.018152          0 3 1          0 1 0  6  6  1        5  4  2      34423343322871 4 8    13.0   11.0
 11 7440.902140 4.034E-26 2.438E-01.09170.412 1875.46970.76-.004200          1 1 1          0 1 0  5  3  2        4  1  3      35424330182571 4 7    11.0    9.0
 11 7440.930552 3.067E-30 2.954E-02.09550.434 3299.99120.75-.005960          0 2 2          0 2 0  3  2  2        3  1  3      34423343322571 4 7     7.0    7.0
 11 7440.949677 6.115E-28 7.764E-02.02940.250 2927.9414-.09-.020520          0 4 0          0 0 0 14  8  7       13  7  6      34423343322971 4 9    87.0   81.0
 11 7441.037240 1.110E-30 8.717E+00.01900.183 5258.63130.41-.023960          1 1 1          0 1 0 19  2 18       18  2 17      34423343323171 511   117.0  111.0
 11 7441.055000 2.642E-24 9.539E-01.06710.312 1690.66440.39-.010096          0 2 1          0 0 0 12  4  8       11  2  9      354643301828 3 5 8    75.0   69.0
 11 7441.156900 3.550E-23 8.189E+00.05150.330 1581.33610.09-.021850          1 0 1          0 0 0 11  4  8       10  4  7      356644301824 3 4 6    69.0   63.0
 11 7441.194425 2.339E-27 4.812E-04.05430.298 1293.01820.47-.010360          0 0 2          0 0 0  9  4  6       10  1  9      34423343322871 4 8    19.0   21.0
 11 7441.231900 1.254E-28 4.756E-02.03380.250 2927.03250.36-.005100         -2-2-2          0 0 0 14 -1 -1       13  7  7      14413342329671 543    29.0   27.0
 11 7441.258850 1.876E-24 6.866E-02.06370.350  888.63260.49-.014880          0 0 2          0 0 0  7  4  4        6  5  1      354543301828 3 4 8    15.0   13.0
 11 7441.311900 1.209E-30 1.773E-04.06660.333 2595.81300.53-.007200          1 1 1          0 1 0  7  6  1        8  2  6      34423343323071 510    15.0   17.0
 11 7441.365150 8.553E-23 7.352E-01.08680.450  842.35660.76-.011230          2 0 0          0 0 0  8  4  5        7  3  4      35754430188262 434    51.0   45.0
 14 7441.446990 3.131E-26 5.993E-01.08250.447  581.96210.530.000000          0 0 2          0 0 0  8  4  5        7  3  4      355540301824 3 2 0   102.0   90.0
 11 7441.450073 5.029E-30 3.315E-02.09980.456 3221.96120.79-.003480          0 2 2          0 2 0  3  1  3        2  0  2      34423343322571 4 7     7.0    5.0
 11 7441.566711 1.834E-30 6.946E-02.07360.265 3843.41040.51-.012140          0 1 2          0 1 0 12  5  7       12  4  8      34423343322971 4 9    25.0   25.0
 11 7441.612030 1.811E-24 1.202E-01.05530.285 1080.38540.260.000888          0 2 1          0 0 0 10  4  7        9  2  8      354543301828 3 4 7    21.0   19.0
 11 7441.667881 8.863E-28 5.000E-02.06860.371 2399.16530.44-.020540          2 1 0          0 1 0  7  5  3        6  4  2      34423343322571 4 7    15.0   13.0
 13 7441.813760 2.017E-26 3.403E+00.08730.440 1048.65690.70-.012550          2 0 0          0 0 0  9  4  6        8  3  5      35754330188262 434   114.0  102.0
 11 7441.886402 6.156E-27 1.668E-04.05990.315 1079.07960.52-.005340          0 0 2          0 0 0  8  4  5        9  1  8      34423343322871 4 8    51.0   57.0
 11 7441.904700 2.786E-30 5.285E-02.04940.208 3758.42090.380.005200         -2-2-2          0 0 0 16 -1 -1       16  5 11      14413342329671 543    33.0   33.0
 11 7441.985400 1.572E-30 9.831E-02.02920.195 4027.44870.410.005800         -2-2-2          0 0 0 18 -1 -1       17  5 13      14413342329671 543    37.0   35.0
 11 7441.989070 1.283E-30 6.354E-03.09290.412 3482.06450.71-.012800          0 2 2          0 2 0  5  1  4        4  2  3      34423343322571 4 7    33.0   27.0
 11 7442.000070 5.527E-26 4.253E-04.07680.430  503.96810.69-.013920          1 0 1          0 0 0  5  5  0        5  3  3      354543301828 3 5 8    11.0   11.0
 11 7442.270161 6.102E-27 4.961E-02.05950.265 2105.86790.43-.003120          2 0 0          0 0 0 12  6  6       12  3  9      34423343322971 4 9    25.0   25.0
 11 7442.325110 1.919E-28 5.780E+00.04110.250 4052.81080.36-.022120          1 1 1          0 1 0 14  3 11       13  3 10      34423343322971 5 9    87.0   81.0
 11 7442.410985 2.903E-29 7.947E-03.05910.315 2998.76640.49-.014580          1 1 1          0 1 0  9  6  4        9  4  5      34423343323071 510    57.0   57.0
 11 7442.451649 6.706E-27 3.791E-02.10150.504 1594.74630.81-.004240          0 1 2          0 1 0  1  1  1        0  0  0      34423343322571 4 7     3.0    1.0
 11 7442.470620 3.074E-29 5.966E-02.08190.281 3441.03960.64-.002580          0 1 2          0 1 0 11  4  7       11  3  8      34423343322971 4 8    69.0   69.0
 12 7442.621390 8.553E-27 5.119E-02.08450.427  658.61000.77-.011660          0 0 2          0 0 0  7  2  6        6  3  3      354643311928 3 4 8    15.0   13.0
 11 7442.651222 1.373E-27 1.872E-01.01440.195 2981.35960.41-.025160          1 0 1          0 0 0 17  2 16       17  0 17      34423343323171 511   105.0  105.0
 11 7442.673200 5.457E-30 1.150E-01.02630.208 4006.03640.38-.000300         -2-2-2          0 0 0 16 -3 -3       16  7 10      14413342329671 543    99.0   99.0
 14 7442.725040 4.317E-26 9.011E-01.07340.359  573.97060.590.000000          0 0 2          0 0 0  7  5  3        6  4  2      355540301824 3 2 0    90.0   78.0
 11 7442.745020 8.875E-25 2.108E-03.08290.410  488.10770.81-.013080          0 0 2          0 0 0  5  3  2        4  4  1      354543301828 3 4 8    33.0   27.0
 14 7442.820030 4.357E-26 9.091E-01.07020.337  573.89080.590.000000          0 0 2          0 0 0  7  5  2        6  4  3      355540301824 3 2 0    90.0   78.0
 11 7442.988961 1.243E-25 2.295E-02.04240.281 1327.11760.39-.016660          1 2 0          0 0 0 12  2 10       11  1 11      34423343322971 4 8    25.0   23.0
 11 7442.996000 8.600E-29 3.264E-02.03380.250 2927.03250.36-.005100         -2-2-2          0 0 0 14 -1 -1       13  7  7      14413342329671 543    29.0   27.0
 11 7443.059150 2.939E-28 1.521E+00.06490.281 3659.90410.48-.021140          0 1 2          0 1 0 12  4  9       11  5  6      34423343322971 4 8    75.0   69.0
 11 7443.080509 4.576E-28 1.872E-01.01650.195 2981.35960.41-.022660          1 0 1          0 0 0 17  1 16       17  1 17      34423343323171 511    35.0   35.0
 11 7443.193845 5.510E-29 8.968E-03.06410.298 2705.09670.640.000956          0 5 0          0 1 0 11  5  7       10  0 10      34423343322871 4 8    23.0   21.0
 13 7443.253370 2.590E-26 4.696E-01.04680.295  737.62380.25-.018180          2 0 0          0 0 0  6  6  1        5  5  0      35754431198262 434   234.0  198.0
 11 7443.280050 6.455E-25 2.371E-01.05100.308 1411.64180.36-.017620          0 0 2          0 0 0  9  5  5        8  6  2      354643301828 3 4 8    19.0   17.0
 11 7443.282130 5.140E-27 5.789E-02.05350.250 2414.72340.39-.000120          2 0 0          0 0 0 13  6  7       13  3 10      34423343322971 4 9    81.0   81.0
 11 7443.370687 8.534E-28 4.239E-06.06890.352  704.21400.39-.003195          0 5 0          0 0 0  7  0  7        7  1  6      34423343322871 4 7    45.0   45.0
 11 7443.537348 4.283E-29 7.048E-02.08380.298 3162.25880.71-.004780          0 1 2          0 1 0 10  4  6       10  3  7      34423343322971 4 8    21.0   21.0
 11 7443.610500 1.259E-25 6.923E-01.09900.456 1693.64990.77-.007000          0 1 2          0 1 0  2  2  0        2  1  1      35424330182871 4 7     5.0    5.0
 11 7443.611469 1.118E-25 7.697E-01.03930.298 2054.36870.25-.019060          0 0 2          0 0 0 11  6  6       10  7  3      34423343322971 4 9    23.0   21.0
 11 7443.627050 1.249E-30 7.965E+00.02350.195 5204.74850.41-.022460          1 1 1          0 1 0 18  2 16       17  2 15      34423343323171 511   111.0  105.0
 11 7443.647390 1.683E-29 6.312E+00.02930.235 4585.34910.36-.029760          1 1 1          0 1 0 15  5 11       14  5 10      34423343322971 5 9    93.0   87.0
 11 7443.701559 6.865E-27 5.934E-04.02810.298 1114.53220.45-.019480          1 0 1          0 0 0  9  4  5       10  0 10      34423343323071 510    19.0   21.0
 11 7443.805917 5.064E-27 9.701E-04.04930.281 1524.84790.40-.010200          0 0 2          0 0 0 10  4  7       11  1 10      34423343322871 4 8    63.0   69.0
 11 7443.827290 1.822E-26 6.745E-02.09290.391 2000.86300.83-.003720          0 1 2          0 1 0  5  2  3        5  1  4      34423343322571 4 7    33.0   33.0
 12 7443.848880 7.181E-27 7.865E-03.08980.445  505.72870.73-.009140          0 0 2          0 0 0  6  2  5        5  3  2      354643301825 3 4 7    39.0   33.0
 11 7443.884860 1.454E-27 2.650E-02.08840.352 2392.59250.82-.006160          0 1 2          0 1 0  7  3  4        7  2  5      34423343322571 4 7    45.0   45.0
 11 7443.892100 1.388E-30 3.265E-03.01870.195 3567.04980.41-.001100         -2-2-2          0 0 0 17 -4 -4       17  2 15      14413342329671 543   105.0  105.0
 11 7443.921400 1.214E-30 2.763E-02.05540.265 3738.66360.390.007800         -2-2-2          0 1 0 12 -1 -1       12  3  9      14413342329671 543    25.0   25.0
 11 7444.148103 5.090E-28 7.215E-05.06210.315 1216.23130.49-.010640          1 0 1          0 0 0  9  5  4        9  3  7      34423343322871 5 8    19.0   19.0
 11 7444.275140 1.112E-29 3.743E-04.06550.352 2318.53980.55-.002172          1 3 0          0 1 0  8  5  3        7  2  6      34423343322871 4 8    17.0   15.0
 11 7444.351520 2.178E-23 1.097E+01.01990.200 1774.7511-.33-.020380          1 0 1          0 0 0 13  2 12       12  2 11      354543301829 3 4 7    81.0   75.0
 11 7444.369385 6.291E-24 1.030E+01.01880.250 1806.6714-.42-.025840          1 0 1          0 0 0 14  1 14       13  1 13      34423343322971 4 8    29.0   27.0
 11 7444.370718 1.887E-23 1.030E+01.01530.230 1806.6700-.42-.027300          1 0 1          0 0 0 14  0 14       13  0 13      344233433229 3 4 8    87.0   81.0
 11 7444.416640 1.177E-30 5.542E-04.02400.208 3211.21260.38-.016664          0 2 1          0 0 0 15  7  9       16  3 14      34423343323171 511    93.0   99.0
 11 7444.426831 1.082E-27 2.029E-02.06440.371 2398.38160.34-.017420          2 1 0          0 1 0  7  5  2        6  4  3      34423343322571 4 7    45.0   39.0
 11 7444.484610 4.595E-30 2.318E-02.08910.434 3392.74930.80-.006860          0 2 2          0 2 0  3  3  0        3  2  1      34423343322571 4 7    21.0   21.0
 11 7444.485781 2.369E-28 1.415E-03.05580.250 2042.37400.46-.027940          0 0 2          0 0 0 12  3  9       13  2 12      34423343322971 4 9    25.0   27.0
 11 7444.561210 6.576E-24 9.928E+00.02090.215 1774.6163-.38-.018390          1 0 1          0 0 0 13  1 12       12  1 11      356544301824 3 4 6    27.0   25.0
 11 7444.631411 4.028E-27 3.909E-05.08590.352  586.47920.76-.005640          0 0 2          0 0 0  6  2  4        7  1  7      34423343322871 4 7    13.0   15.0
 11 7444.645523 5.124E-26 6.114E-03.04620.298 1446.12820.35-.012615          0 5 0          0 0 0 11  0 11       10  3  8      34423343322871 4 8    69.0   63.0
 13 7444.684410 2.905E-26 1.521E-01.09320.490  221.62080.76-.002390          1 0 1          0 0 0  5  2  3        4  0  4      35764430188262 434    66.0   54.0
 11 7444.694790 2.199E-23 7.587E+00.05340.363 1437.96860.13-.006270          1 0 1          0 0 0 11  2  9       10  2  8      35764430188262 434    23.0   21.0
 11 7445.031187 7.255E-28 1.281E-05.07850.352  709.60820.52-.011840          0 5 0          0 0 0  6  1  5        7  2  6      34423343322571 4 7    13.0   15.0
 11 7445.067060 7.536E-30 3.679E-02.08810.391 3478.98630.68-.008720          0 2 2          0 2 0  5  1  4        5  0  5      34423343322871 4 7    33.0   33.0
 11 7445.098030 8.189E-25 1.322E-01.04270.281 1524.84790.25-.001840          1 2 0          0 0 0 12  4  9       11  1 10      35424330182871 4 8    75.0   69.0
 11 7445.123060 1.715E-24 5.292E-03.09410.500  315.77950.76-.011180          0 0 2          0 0 0  5  1  5        4  2  2      354643301828 3 4 8    11.0    9.0
 11 7445.149277 6.065E-30 4.549E-02.09260.434 3299.99120.70-.006040          1 2 1          0 2 0  4  3  2        3  1  3      34423343322571 4 7     9.0    7.0
 11 7445.178916 2.016E-28 1.077E-02.01950.298 2701.88870.41-.017244          0 2 1          0 0 0 11 10  2       10 10  1      34423343323171 511    69.0   63.0
 11 7445.178928 6.720E-29 1.077E-02.01900.298 2701.88870.41-.017588          0 2 1          0 0 0 11 10  1       10 10  0      34423343323171 511    23.0   21.0
 11 7445.247697 7.156E-29 1.826E+00.02490.221 4045.3220-.05-.024160          0 0 2          0 0 0 16  8  9       15  9  6      34423343323171 411    99.0   93.0
 11 7445.290186 1.098E-28 1.876E-02.04100.250 2748.09960.37-.022128          0 2 1          0 0 0 13  8  5       13  6  8      34423343323171 511    27.0   27.0
 11 7445.408545 5.455E-25 6.864E-02.02620.155 1394.81420.08-.014924          1 2 0          0 0 0  8  8  1        7  7  0      344233433225 3 4 7    51.0   45.0
 11 7445.408598 1.818E-25 6.864E-02.02010.352 1394.81420.08-.011236          1 2 0          0 0 0  8  8  0        7  7  1      34423343322971 4 9    17.0   15.0
 11 7445.501645 4.106E-30 1.912E-02.10310.480 3201.91330.70-.014364          2 0 1          0 2 0  1  1  1        1  1  0      34423343322571 4 7     9.0    9.0
 11 7445.537240 5.123E-24 7.125E+00.06300.415 1724.70540.41-.019320          1 0 1          0 0 0 11  5  6       10  5  5      354643301829 3 5 9    23.0   21.0
 11 7445.623458 2.490E-27 7.058E+00.08060.281 3535.87060.54-.026280          1 1 1          0 1 0 12  4  8       11  4  7      34423343322971 4 7    75.0   69.0
 11 7445.682900 5.446E-24 9.296E-02.06100.340 1006.11590.32-.011550          0 2 1          0 0 0  9  5  5        8  3  6      356643301824 3 4 6    57.0   51.0
 11 7445.852446 2.371E-26 4.791E-05.10100.456  136.16390.78-.013200          0 0 2          0 0 0  3  1  3        2  2  0      34423343322871 4 8     7.0    5.0
 11 7445.869550 3.457E-25 7.957E-01.04060.373 2054.34520.24-.017400          0 0 2          0 0 0 11  6  5       10  7  4      354743301829 3 4 9    69.0   63.0
 11 7445.980151 2.043E-30 9.203E-02.06280.195 4174.28760.35-.001760          0 0 2          0 0 0 17  6 11       17  5 12      34423343322971 4 9   105.0  105.0
 11 7446.070876 1.826E-27 2.192E-05.06690.333  885.60020.35-.014080          0 5 0          0 0 0  7  1  6        8  2  7      34423343322571 4 7    45.0   51.0
 11 7446.303770 7.988E-24 8.852E+00.03410.260 1695.0687-.05-.027920          1 0 1          0 0 0 12  3 10       11  3  9      354543301829 3 4 8    25.0   23.0
 11 7446.356380 5.002E-24 6.110E-02.06650.330  888.59870.63-.010600          0 0 2          0 0 0  7  4  3        6  5  2      354643301828 3 4 8    45.0   39.0
 11 7446.413368 1.851E-30 7.188E-03.05080.298 3564.70510.45-.015332          0 3 1          0 1 0 10  8  2       10  6  5      34423343323171 510    63.0   63.0
 11 7446.416800 2.617E-28 4.956E-04.09100.412 1821.59680.75-.006300          2 1 0          0 1 0  4  4  1        4  1  4      34423343322871 4 8    27.0   27.0
 12 7446.438350 7.262E-26 5.874E-02.09300.415  141.56800.70-.001630          1 0 1          0 0 0  4  3  2        3  1  3      356644301824 3 4 6     9.0    7.0
 11 7446.577730 3.866E-27 6.911E+00.06640.281 3441.03960.28-.013640          1 1 1          0 1 0 12  3  9       11  3  8      34423343322971 4 7    75.0   69.0
 11 7446.707100 1.687E-29 7.097E+00.03470.235 4382.88430.360.005100         -2-2-2          0 1 0 15 -1 -1       14  3 11      14413342329671 543    31.0   29.0
 11 7446.718440 4.962E-25 5.230E-03.08260.450  602.77350.79-.009360          2 0 0          0 0 0  6  5  1        6  2  4      354643301828 3 4 8    13.0   13.0
 12 7446.732660 1.493E-25 6.027E-02.09330.475  172.88290.80-.000740          0 0 2          0 0 0  3  2  1        3  1  2      35854430188262 434    21.0   21.0
 11 7446.800116 3.196E-29 5.377E-02.05670.221 3472.88130.36-.029364          0 2 1          0 0 0 15  8  8       15  6  9      34423343323171 511    93.0   93.0
 11 7446.881200 2.147E-29 1.644E+00.02000.221 4045.22020.38-.002800         -2-2-2          0 0 0 16 -1 -1       15  9  7      14413342329671 543    33.0   31.0
 11 7446.885340 1.049E-24 1.138E-03.08920.408  285.41860.71-.012820          0 0 2          0 0 0  4  2  3        3  3  0      354643301828 3 4 8    27.0   21.0
 11 7446.920793 6.594E-30 1.085E+00.07940.434 3935.21120.63-.009940          0 0 3          1 0 0  4  3  2        3  3  1      34423343322571 4 7     9.0    7.0
 12 7446.965860 1.735E-25 1.691E-01.09140.480  221.23400.73-.004830          2 0 0          0 0 0  5  3  3        4  0  4      35854430188262 434    11.0    9.0
 11 7446.986010 1.594E-24 1.954E-01.05760.325 1411.61150.41-.009220          0 0 2          0 0 0  9  5  4        8  6  3      354643301828 3 4 8    57.0   51.0
 11 7447.001168 6.726E-28 2.391E-05.06870.333  882.89030.56-.004080          0 0 2          0 0 0  7  4  4        8  1  7      34423343322871 4 8    15.0   17.0
 13 7447.044940 2.106E-26 5.155E-02.10360.520   23.77350.77-.000670          0 0 2          0 0 0  1  1  0        1  0  1      356743301824 3 4 6    54.0   54.0
 11 7447.047900 1.916E-25 1.184E-02.03820.281 1327.11000.43-.014408          1 2 0          0 0 0 12  3 10       11  0 11      35424330182871 4 8    75.0   69.0
 11 7447.048620 2.160E-27 7.019E-06.08380.371  552.91140.62-.008960          0 5 0          0 0 0  5  1  4        6  2  5      34423343322571 4 7    33.0   39.0
 11 7447.185000 1.869E-30 7.369E+00.02920.208 5094.08450.41-.021460          1 1 1          0 1 0 17  4 14       16  4 13      34423343323171 511   105.0   99.0
 11 7447.246094 1.568E-26 2.119E-04.06550.352  709.60820.55-.002172          1 2 0          0 0 0  8  5  3        7  2  6      34423343322871 4 8    17.0   15.0
 11 7447.357589 1.836E-29 1.036E-03.03510.235 2746.02340.36-.016564          0 2 1          0 0 0 13  8  6       14  4 11      34423343323171 511    81.0   87.0
 11 7447.383854 3.371E-30 3.354E+00.02680.183 4833.20800.41-.009464          0 2 1          0 0 0 19  7 13       18  7 12      34423343323171 511   117.0  111.0
 11 7447.482810 8.956E-23 7.738E+00.07890.360 1360.23540.61-.013200          1 0 1          0 0 0 10  4  6        9  4  5      35754430188262 434    63.0   57.0
 11 7447.603325 2.943E-28 1.201E-02.04870.265 2437.50200.39-.024672          0 2 1          0 0 0 12  8  5       12  6  6      34423343323171 511    25.0   25.0
 11 7447.615451 2.287E-26 8.697E-05.07610.371  648.97870.56-.009980          2 0 0          0 0 0  7  4  3        6  3  4      34423343322571 4 7    45.0   39.0
 13 7447.727790 4.438E-26 3.016E-01.09120.480  275.13050.76-.003010          1 0 1          0 0 0  5  3  2        4  1  3      35754430188262 434    66.0   54.0
 11 7447.963796 2.623E-29 2.261E+00.09430.456 3750.46440.72-.010460          0 0 3          1 0 0  3  1  2        2  1  1      34423343322571 4 7     7.0    5.0
 14 7447.974490 2.921E-26 5.465E-01.07050.420  576.90470.530.000000          0 0 2          0 0 0  8  4  4        7  3  5      355540301824 3 2 0   102.0   90.0
 11 7447.988640 5.389E-30 1.915E-03.04690.298 3072.72630.45-.019840          1 1 1          0 1 0 10  5  5       10  3  8      34423343323071 510    63.0   63.0
 12 7448.082000 2.162E-26 5.965E+00.07500.415 1534.36820.46-.016410          1 0 1          0 0 0 11  3  8       10  3  7      356643301824 3 4 6    23.0   21.0
 11 7448.092860 2.267E-27 5.928E-02.08840.371 2211.19070.81-.008200          0 1 2          0 1 0  6  3  3        6  2  4      34423343322871 4 7    13.0   13.0
 11 7448.128350 3.449E-25 8.757E-04.09140.355  275.49700.69-.002976          0 2 1          0 0 0  5  5  0        4  1  3      354543301830 3 510    11.0    9.0
 11 7448.245430 5.224E-27 4.385E-05.08360.352  782.40980.59-.009060          1 0 1          0 0 0  6  6  0        7  2  5      34423343323071 510    39.0   45.0
 11 7448.279980 7.747E-30 6.989E-04.02380.221 2631.28370.63-.023760          2 0 0          0 0 0 14  5  9       15  2 14      34423343323171 411    29.0   31.0
 11 7448.329603 2.550E-28 1.704E-01.01460.183 3319.44800.41-.023060          1 0 1          0 0 0 18  1 17       18  1 18      34423343323171 511   111.0  111.0
 11 7448.334245 8.501E-29 1.704E-01.01650.183 3319.44780.41-.022660          1 0 1          0 0 0 18  2 17       18  0 18      34423343323171 511    37.0   37.0
 11 7448.357510 3.965E-28 6.881E-02.08230.315 2904.67040.69-.008820          0 1 2          0 1 0  9  4  5        9  3  6      34423343322871 4 8    57.0   57.0
 11 7448.360887 3.047E-30 1.885E-05.04290.265 2275.37280.31-.015164          0 4 0          0 0 0 12  8  5       12  5  8      34423343322971 4 8    75.0   75.0
 11 7448.472700 2.506E-30 1.400E-01.02040.208 4206.28080.38-.001100         -2-2-2          0 0 0 16 -4 -4       16  8  9      14413342329671 543    99.0   99.0
 11 7448.600600 5.292E-30 5.628E+00.01720.195 4609.97510.41-.000900         -2-2-2          0 0 0 18 -2 -2       17  8 10      14413342329671 543    37.0   35.0
 11 7448.635240 4.287E-28 2.591E-03.09140.412 1875.46970.69-.002976          0 3 1          0 1 0  5  5  0        4  1  3      34423343323071 510    11.0    9.0
 11 7448.691240 3.573E-30 1.959E-01.08340.391 3976.30810.52-.006320          0 0 3          1 0 0  5  2  4        5  0  5      34423343322571 4 7    33.0   33.0
 11 7448.768459 9.390E-28 1.661E-03.04330.265 1774.61630.34-.013160          0 0 2          0 0 0 11  4  8       12  1 11      34423343322971 4 8    23.0   25.0
 11 7448.840852 1.976E-29 1.085E+00.08100.434 3935.34470.70-.011080          0 0 3          1 0 0  4  3  1        3  3  0      34423343322571 4 7    27.0   21.0
 11 7448.847410 2.549E-30 6.524E-05.07600.371 2398.38160.61-.003360          0 6 0          0 1 0  5  3  2        6  4  3      34423343322571 4 7    33.0   39.0
 11 7448.929800 1.490E-30 1.162E-04.03940.250 2586.50070.37-.004900         -2-2-2          0 0 0 13 -1 -1       13  5  9      14413342329671 543    27.0   27.0
 11 7448.979152 3.264E-26 4.154E+00.04070.250 2927.94140.36-.027300          1 0 1          0 0 0 14  7  7       13  7  6      34423343323171 511    87.0   81.0
 11 7449.049430 2.749E-30 3.611E-03.04840.315 3321.01320.49-.010008          0 3 1          0 1 0  9  8  2        9  6  3      34423343323071 510    57.0   57.0
 11 7449.236222 2.814E-29 1.012E-01.03690.221 3629.09640.36-.030060          1 0 1          0 0 0 15  9  7       15  7  8      34423343323171 511    93.0   93.0
 11 7449.245100 1.013E-29 5.429E-01.02980.235 4184.91020.36-.000800         -2-2-2          0 1 0 15 -3 -3       14  3 12      14413342329671 543    93.0   87.0
 11 7449.252140 2.219E-25 2.359E-03.07700.410  885.60020.53-.011960          1 0 1          0 0 0  8  4  4        8  2  7      354543301828 3 5 8    51.0   51.0
 11 7449.253789 1.599E-25 1.047E-01.07940.281 1813.22340.39-.003972          0 2 1          0 0 0 12  5  7       11  3  8      34423343322971 5 8    75.0   69.0
 11 7449.259200 3.041E-30 1.633E-03.06220.235 2983.41430.36-.006000         -2-2-2          0 0 0 13 -1 -1       14  5  9      14413342329671 543    27.0   29.0
 11 7449.283000 1.104E-30 1.343E+00.03480.371 4677.95020.15-.023300          1 0 2          1 0 0  7  7  0        6  6  1      14423342322571 4 7    45.0   39.0
 11 7449.287400 1.007E-30 9.945E-03.03450.208 3623.74120.380.009500         -2-2-2          0 0 0 16 -2 -2       16  4 12      14413342329671 543    33.0   33.0
 11 7449.319471 4.359E-28 3.573E-05.05060.315 1080.38540.13-.017775          0 5 0          0 0 0  8  1  7        9  2  8      34423343322871 4 7    17.0   19.0
 11 7449.331467 2.323E-28 4.435E-03.02210.298 2471.25490.36-.016972          0 4 0          0 0 0 10 10  1       10  9  2      34423343322971 4 9    63.0   63.0
 11 7449.331469 7.743E-29 4.435E-03.02210.298 2471.25490.36-.017000          0 4 0          0 0 0 10 10  0       10  9  1      34423343322971 4 9    21.0   21.0
 11 7449.356344 2.990E-29 2.509E+00.09220.434 3796.53980.63-.009640          0 0 3          1 0 0  4  1  4        3  1  3      34423343322571 4 7     9.0    7.0
 11 7449.391080 1.514E-30 2.238E-02.08930.434 3387.68070.72-.008460          0 2 2          0 2 0  3  3  1        3  2  2      34423343322571 4 7     7.0    7.0
 11 7449.404200 7.120E-27 1.674E+00.03010.265 2813.47560.37-.004900         -2-2-2          0 0 0 13 -2 -2       12  8  4      14413342329671 543    27.0   25.0
 11 7449.486600 7.239E-28 9.390E-02.09020.333 2595.81300.79-.003940          0 1 2          0 1 0  8  3  5        8  2  6      34423343322871 4 7    17.0   17.0
 11 7449.486970 4.841E-26 3.455E-02.06570.281 1813.22340.51-.004980          2 0 0          0 0 0 11  6  5       11  3  8      35424330182971 4 8    69.0   69.0
 11 7449.487640 1.040E-29 7.351E+00.02380.221 4728.22120.38-.025660          1 1 1          0 1 0 16  3 13       15  3 12      34423343322971 5 9    99.0   93.0
 11 7449.561904 1.321E-30 3.640E-02.07300.391 3868.98680.54-.013840          2 0 1          0 2 0  6  4  2        5  4  1      34423343322571 4 7    39.0   33.0
 12 7449.682250 3.631E-26 4.215E-02.09900.470   94.78860.77-.007000          0 0 2          0 0 0  2  2  0        2  1  1      354543301828 3 4 7     5.0    5.0
 11 7449.767414 2.803E-30 5.252E-01.07610.371 4292.90970.56-.009980          1 0 2          1 0 0  7  4  3        6  3  4      34423343322571 4 7    45.0   39.0
 11 7449.775670 1.702E-24 7.756E+00.04550.285 1985.78490.39-.019370          1 0 1          0 0 0 12  5  8       11  5  7      355644301824 3 5 6    25.0   23.0
 11 7449.931290 2.050E-26 1.607E+00.03310.265 2813.51220.12-.022660          0 0 2          0 0 0 13  7  6       12  8  5      34423343322971 4 9    81.0   75.0
 11 7449.947197 2.132E-30 5.797E-02.02490.221 4045.32200.00-.024160          0 0 2          0 0 0 15 10  5       15  9  6      34423343323171 411    93.0   93.0
