 11 7185.172923 3.125E-30 7.765E-01.08340.391 4076.14330.52-.006320          1 0 2          0 0 1  5  2  4        5  0  5      34423343322571 4 7    11.0   11.0
 14 7185.242220 1.380E-25 7.893E-01.09180.465  217.04190.730.000000          0 0 2          0 0 0  4  1  4        4  2  3      355540301824 3 2 0    54.0   54.0
 11 7185.354025 1.008E-29 1.132E+00.10210.456 3750.46440.71-.013180          1 0 2          1 0 0  2  0  2        2  1  1      34423343322571 4 7     5.0    5.0
 11 7185.394270 5.164E-23 9.373E-02.09240.435  447.25240.72-.008920          2 0 0          0 0 0  5  2  3        6  1  6      35464330182848 4 7    33.0   39.0
 11 7185.400770 1.049E-23 4.886E+00.05230.315 1474.98080.34-.013760          1 0 1          0 0 0  9  5  4        9  5  5      35424330182871 4 8    19.0   19.0
 11 7185.442550 3.873E-24 2.320E-02.08080.420  782.40980.63-.014060          1 0 1          0 0 0  8  0  8        7  2  5      354543301828 3 4 8    51.0   45.0
 11 7185.475834 1.041E-30 9.818E-03.03570.265 3587.66670.26-.008775          0 6 0          0 1 0 13  1 13       12  2 10      34423343322971 4 9    27.0   25.0
 11 7185.577000 1.130E-23 1.729E-02.09100.391  446.51070.77-.011600          2 0 0          0 0 0  6  1  6        5  2  3      35424330182871 4 8    39.0   33.0
 11 7185.596188 2.000E-22 1.680E+01.03420.371 1045.05830.19-.016300          1 0 1          0 0 0  6  6  1        6  6  0      34423343322971 4 9    13.0   13.0
 11 7185.597304 6.000E-22 1.680E+01.04130.195 1045.05790.19-.013460          1 0 1          0 0 0  6  6  0        6  6  1      34533443326766 4 6    39.0   39.0
 11 7185.683865 2.276E-30 5.260E-01.08340.315 4399.54200.65-.005520          2 2 0          0 2 0  9  3  6        9  2  7      34423343322871 4 7    57.0   57.0
 11 7185.697020 6.440E-26 4.171E-01.09200.391 2130.49440.70-.016780          0 1 2          0 1 0  5  0  5        5  3  2      34423343322871 4 8    33.0   33.0
 11 7185.731350 8.521E-28 4.482E-02.08390.371 2399.16530.68-.019080          1 1 1          0 1 0  7  2  5        6  4  2      34423343322871 4 8    15.0   13.0
 11 7185.733230 6.477E-29 6.525E-01.09490.412 3375.29790.76-.007960          2 2 0          0 2 0  4  1  3        4  0  4      34423343322871 4 7     9.0    9.0
 11 7185.777310 1.028E-30 3.393E-03.05490.298 3564.70510.44-.013280          2 1 0          0 1 0 11  5  6       10  6  5      34423343322971 4 8    69.0   63.0
 11 7185.847196 4.768E-27 9.185E-05.06830.391  742.07300.69-.012520          2 0 0          0 0 0  6  4  2        5  5  1      34423343322971 4 8    13.0   11.0
 11 7185.898404 1.269E-30 1.537E+00.07000.371 4401.94190.50-.012000          0 0 3          1 0 0  5  4  1        6  4  2      34423343322571 4 7    11.0   13.0
 11 7185.909614 3.179E-27 6.487E-02.03460.235 2551.48360.36-.022160          1 0 1          0 0 0 13  5  9       14  3 12      34423343323171 511    81.0   87.0
 11 7185.936518 2.230E-28 9.388E+00.09220.434 3895.58790.63-.009640          1 0 2          0 0 1  4  1  4        3  1  3      34423343322571 4 7    27.0   21.0
 11 7185.966618 4.274E-27 3.112E-04.07430.371 1045.05830.66-.013500          0 0 2          0 0 0  7  3  5        6  6  0      34423343322971 4 9    15.0   13.0
 11 7186.055241 8.851E-29 1.074E-02.04110.235 2918.2451-.05-.010160          0 0 2          0 0 0 13  6  7       14  5 10      34423343322971 4 9    81.0   87.0
 11 7186.152700 1.229E-29 1.047E-03.03140.208 2660.77780.56-.011468          0 4 0          0 0 0 16  3 13       16  0 16      14423342322971 4 9    33.0   33.0
 11 7186.407620 4.639E-25 4.589E-03.07550.295  885.60020.53-.008104          0 2 1          0 0 0  8  4  4        8  2  7      354443301828 3 5 8    51.0   51.0
 11 7186.418767 1.270E-29 3.611E-02.09710.434 3289.24240.80-.000675          0 7 0          0 2 0  3  1  2        3  0  3      34423343322571 4 7    21.0   21.0
 11 7186.475970 2.678E-28 7.268E-02.02860.221 2872.58060.36-.022260          1 0 1          0 0 0 14  5 10       15  3 13      34423343323171 511    29.0   31.0
