 11 7444.148103 5.090E-28 7.215E-05.06210.315 1216.23130.49-.010640          1 0 1          0 0 0  9  5  4        9  3  7      34423343322871 5 8    19.0   19.0
 11 7444.275140 1.112E-29 3.743E-04.06550.352 2318.53980.55-.002172          1 3 0          0 1 0  8  5  3        7  2  6      34423343322871 4 8    17.0   15.0
 11 7444.351520 2.178E-23 1.097E+01.01990.200 1774.7511-.33-.020380          1 0 1          0 0 0 13  2 12       12  2 11      354543301829 3 4 7    81.0   75.0
 11 7444.369385 6.291E-24 1.030E+01.01880.250 1806.6714-.42-.025840          1 0 1          0 0 0 14  1 14       13  1 13      34423343322971 4 8    29.0   27.0
 11 7444.370718 1.887E-23 1.030E+01.01530.230 1806.6700-.42-.027300          1 0 1          0 0 0 14  0 14       13  0 13      344233433229 3 4 8    87.0   81.0
 11 7444.416640 1.177E-30 5.542E-04.02400.208 3211.21260.38-.016664          0 2 1          0 0 0 15  7  9       16  3 14      34423343323171 511    93.0   99.0
 11 7444.426831 1.082E-27 2.029E-02.06440.371 2398.38160.34-.017420          2 1 0          0 1 0  7  5  2        6  4  3      34423343322571 4 7    45.0   39.0
 11 7444.484610 4.595E-30 2.318E-02.08910.434 3392.74930.80-.006860          0 2 2          0 2 0  3  3  0        3  2  1      34423343322571 4 7    21.0   21.0
 11 7444.485781 2.369E-28 1.415E-03.05580.250 2042.37400.46-.027940          0 0 2          0 0 0 12  3  9       13  2 12      34423343322971 4 9    25.0   27.0
 11 7444.561210 6.576E-24 9.928E+00.02090.215 1774.6163-.38-.018390          1 0 1          0 0 0 13  1 12       12  1 11      356544301824 3 4 6    27.0   25.0
 11 7444.631411 4.028E-27 3.909E-05.08590.352  586.47920.76-.005640          0 0 2          0 0 0  6  2  4        7  1  7      34423343322871 4 7    13.0   15.0
 11 7444.645523 5.124E-26 6.114E-03.04620.298 1446.12820.35-.012615          0 5 0          0 0 0 11  0 11       10  3  8      34423343322871 4 8    69.0   63.0
 13 7444.684410 2.905E-26 1.521E-01.09320.490  221.62080.76-.002390          1 0 1          0 0 0  5  2  3        4  0  4      35764430188262 434    66.0   54.0
 11 7444.694790 2.199E-23 7.587E+00.05340.363 1437.96860.13-.006270          1 0 1          0 0 0 11  2  9       10  2  8      35764430188262 434    23.0   21.0
